Month,Day,DoY,Rg_f,Rg_sqc,Ta_f,Ta_sqc,VPD_f,VPD_sqc,Ts_f,Ts_sqc,Precip,SWC,H_f,H_sqc,LE_f,LE_sqc,Reco_st,Reco_or,NEE_st_fMDS,NEE_st_fMDSsqc,GPP_st_MDS,NEE_or_fMDS,NEE_or_fMDSsqc,GPP_or_MDS,NEE_st_fANN,NEE_st_fANNsqc,GPP_st_ANN,NEE_or_fANN,NEE_or_fANNsqc,GPP_or_ANN
1,1,1,16.95,1.00,29.13,1.00,-9999.00,-9999.00,-9999.00,-9999.00,0.00,38.69,61.64,1.00,85.01,1.00,6.26,4.31,0.24,0.98,6.02,-0.52,0.98,4.84,-1.25,0.98,7.51,-1.08,0.98,5.40
1,2,2,14.40,1.00,27.56,1.00,-9999.00,-9999.00,-9999.00,-9999.00,0.00,38.66,51.77,1.00,69.21,1.00,5.92,4.09,-2.01,1.00,7.93,-3.32,1.00,7.42,-1.84,1.00,7.76,-3.09,1.00,7.19
1,3,3,15.26,1.00,24.17,1.00,-9999.00,-9999.00,-9999.00,-9999.00,0.00,42.79,37.90,1.00,81.75,1.00,5.20,3.62,-1.19,1.00,6.38,-2.08,1.00,5.70,0.08,1.00,5.12,-3.13,1.00,6.75
1,4,4,14.68,1.00,25.72,1.00,-9999.00,-9999.00,-9999.00,-9999.00,0.00,45.03,35.24,1.00,82.56,1.00,5.54,3.87,-1.38,1.00,6.91,-1.86,1.00,5.72,-2.05,1.00,7.59,-2.18,1.00,6.05
1,5,5,14.69,1.00,25.66,1.00,-9999.00,-9999.00,-9999.00,-9999.00,0.00,44.32,32.52,1.00,82.50,1.00,6.46,4.61,-0.10,1.00,6.57,-0.91,1.00,5.52,-0.80,1.00,7.27,-2.01,1.00,6.61
1,6,6,14.79,1.00,24.03,1.00,-9999.00,-9999.00,-9999.00,-9999.00,0.00,44.87,32.67,1.00,86.24,1.00,9.80,5.60,0.06,1.00,9.74,-0.75,1.00,6.34,0.95,1.00,8.85,-2.24,1.00,7.84
1,7,7,14.83,1.00,24.22,1.00,-9999.00,-9999.00,-9999.00,-9999.00,1.84,45.68,34.45,1.00,86.66,1.00,7.85,5.54,0.15,1.00,7.70,-0.83,1.00,6.37,0.74,1.00,7.12,-1.44,1.00,6.98
1,8,8,11.59,1.00,23.65,1.00,-9999.00,-9999.00,-9999.00,-9999.00,4.64,45.84,10.63,1.00,67.28,1.00,9.32,6.65,1.60,1.00,7.72,1.48,1.00,5.17,1.69,1.00,7.63,1.84,1.00,4.81
1,9,9,15.60,1.00,26.24,1.00,-9999.00,-9999.00,-9999.00,-9999.00,0.00,45.21,33.65,1.00,111.00,1.00,10.80,7.96,0.24,1.00,10.56,-1.20,1.00,9.16,-1.57,1.00,12.37,-1.79,1.00,9.75
1,10,10,16.17,1.00,26.27,1.00,-9999.00,-9999.00,-9999.00,-9999.00,0.76,44.71,57.53,1.00,112.15,1.00,10.82,7.45,1.36,1.00,9.46,-0.38,1.00,7.83,-3.11,1.00,13.93,-2.33,1.00,9.78
1,11,11,13.29,1.00,25.40,1.00,-9999.00,-9999.00,-9999.00,-9999.00,5.84,45.46,18.33,1.00,79.06,1.00,10.46,7.32,1.66,1.00,8.81,1.05,1.00,6.28,0.33,1.00,10.14,1.05,1.00,6.28
1,12,12,14.69,1.00,25.22,1.00,-9999.00,-9999.00,-9999.00,-9999.00,2.79,45.14,31.46,1.00,91.43,1.00,10.39,7.11,3.30,1.00,7.09,2.07,1.00,5.04,3.06,1.00,7.33,2.07,1.00,5.04
1,13,13,10.49,1.00,25.23,1.00,-9999.00,-9999.00,-9999.00,-9999.00,3.17,45.16,15.35,1.00,74.49,1.00,10.35,7.12,3.71,1.00,6.64,1.89,1.00,5.23,-0.32,1.00,10.67,0.93,1.00,6.20
1,14,14,14.27,1.00,25.40,1.00,-9999.00,-9999.00,-9999.00,-9999.00,10.86,45.92,25.19,1.00,88.03,1.00,10.56,7.36,2.92,1.00,7.65,-1.48,1.00,8.84,1.70,1.00,8.86,-1.47,1.00,8.83
1,15,15,12.61,1.00,24.64,1.00,-9999.00,-9999.00,-9999.00,-9999.00,0.70,45.53,26.41,1.00,76.06,1.00,11.45,6.74,1.89,1.00,9.57,1.07,1.00,5.68,-0.52,1.00,11.97,1.27,1.00,5.48
1,16,16,4.34,1.00,23.38,1.00,-9999.00,-9999.00,-9999.00,-9999.00,61.98,45.90,0.19,1.00,27.84,1.00,12.84,6.00,8.50,1.00,4.34,2.04,1.00,3.96,7.77,1.00,5.07,1.72,1.00,4.28
1,17,17,16.20,1.00,25.53,1.00,-9999.00,-9999.00,-9999.00,-9999.00,1.02,45.73,20.44,1.00,96.17,1.00,14.57,6.05,2.67,1.00,11.90,-1.28,1.00,7.33,-0.18,1.00,14.74,-1.60,1.00,7.64
1,18,18,17.73,1.00,26.53,1.00,-9999.00,-9999.00,-9999.00,-9999.00,2.29,45.37,33.96,1.00,85.63,1.00,14.12,6.48,3.63,1.00,10.49,0.05,1.00,6.43,-1.16,1.00,15.28,-0.42,1.00,6.90
1,19,19,16.54,1.00,26.20,1.00,-9999.00,-9999.00,-9999.00,-9999.00,11.43,45.69,31.20,1.00,84.11,1.00,14.15,6.81,2.81,1.00,11.34,0.24,1.00,6.57,-1.18,1.00,15.33,0.33,1.00,6.48
1,20,20,1.34,1.00,22.82,1.00,-9999.00,-9999.00,-9999.00,-9999.00,60.71,46.17,-6.47,1.00,8.82,1.00,12.56,6.32,12.16,1.00,0.40,-0.57,1.00,6.89,9.88,1.00,2.68,-0.34,1.00,6.66
1,21,21,15.29,1.00,24.92,1.00,-9999.00,-9999.00,-9999.00,-9999.00,0.00,45.90,21.83,1.00,86.39,1.00,13.61,7.07,4.06,1.00,9.56,-0.04,1.00,7.12,4.25,1.00,9.36,0.71,1.00,6.37
1,22,22,19.82,1.00,26.17,1.00,-9999.00,-9999.00,-9999.00,-9999.00,0.00,45.38,56.38,1.00,130.97,1.00,14.31,7.38,2.33,1.00,11.98,1.05,1.00,6.32,2.70,1.00,11.61,1.20,1.00,6.18
1,23,23,20.56,1.00,26.23,1.00,-9999.00,-9999.00,-9999.00,-9999.00,0.00,45.01,57.41,1.00,113.97,1.00,14.21,8.13,2.21,1.00,12.00,0.77,1.00,7.36,1.23,1.00,12.98,0.77,1.00,7.36
1,24,24,15.63,1.00,26.63,1.00,-9999.00,-9999.00,-9999.00,-9999.00,0.00,44.68,27.25,1.00,110.62,1.00,13.56,8.22,1.92,1.00,11.63,0.64,1.00,7.58,0.74,1.00,12.81,0.64,1.00,7.58
1,25,25,15.23,1.00,26.18,1.00,-9999.00,-9999.00,-9999.00,-9999.00,5.08,44.56,27.56,1.00,87.40,1.00,12.24,8.17,1.54,1.00,10.70,-0.30,1.00,8.47,0.31,1.00,11.93,-0.70,1.00,8.87
1,26,26,13.78,1.00,25.62,1.00,-9999.00,-9999.00,-9999.00,-9999.00,3.30,44.78,15.99,1.00,104.06,1.00,11.68,8.48,2.91,1.00,8.77,0.70,1.00,7.78,3.15,1.00,8.53,0.59,1.00,7.90
1,27,27,16.48,1.00,26.44,1.00,-9999.00,-9999.00,-9999.00,-9999.00,0.00,44.68,30.72,1.00,110.58,1.00,11.25,8.69,0.85,1.00,10.40,-0.40,1.00,9.10,-0.50,1.00,11.76,-0.79,1.00,9.48
1,28,28,17.59,1.00,26.60,1.00,-9999.00,-9999.00,-9999.00,-9999.00,2.22,44.47,27.59,1.00,116.35,1.00,10.89,8.56,0.72,1.00,10.17,0.32,1.00,8.24,1.01,1.00,9.89,0.03,1.00,8.53
1,29,29,15.50,1.00,26.64,1.00,-9999.00,-9999.00,-9999.00,-9999.00,0.06,44.27,25.49,1.00,91.23,1.00,10.31,8.06,2.10,1.00,8.21,2.07,1.00,5.99,1.56,1.00,8.76,2.07,1.00,5.99
1,30,30,15.06,1.00,25.83,1.00,-9999.00,-9999.00,-9999.00,-9999.00,0.00,44.04,19.05,1.00,88.72,1.00,9.72,7.73,1.39,1.00,8.33,1.08,1.00,6.65,1.39,1.00,8.33,1.08,1.00,6.65
1,31,31,19.19,1.00,26.42,1.00,-9999.00,-9999.00,-9999.00,-9999.00,0.00,43.78,32.01,1.00,91.33,1.00,9.52,7.57,1.06,1.00,8.46,0.98,1.00,6.58,0.62,1.00,8.90,0.98,1.00,6.58
2,1,32,15.99,1.00,26.15,1.00,-9999.00,-9999.00,-9999.00,-9999.00,7.11,43.56,29.07,1.00,86.91,1.00,9.38,7.28,1.29,1.00,8.09,-0.88,1.00,8.16,1.68,1.00,7.70,-1.13,1.00,8.41
2,2,33,17.02,1.00,26.61,1.00,-9999.00,-9999.00,-9999.00,-9999.00,0.00,43.70,37.47,1.00,108.08,1.00,9.96,7.27,1.73,1.00,8.22,-0.19,1.00,7.46,1.86,1.00,8.10,-0.19,1.00,7.46
2,3,34,18.22,1.00,27.19,1.00,-9999.00,-9999.00,-9999.00,-9999.00,0.00,43.60,38.34,1.00,110.18,1.00,9.78,7.19,2.21,1.00,7.58,-0.11,1.00,7.30,2.85,1.00,6.94,-0.11,1.00,7.30
2,4,35,20.73,1.00,26.83,1.00,-9999.00,-9999.00,-9999.00,-9999.00,0.00,43.36,48.70,1.00,112.03,1.00,9.68,6.75,-0.02,1.00,9.70,-1.26,1.00,8.02,-0.82,1.00,10.50,-1.90,1.00,8.65
2,5,36,17.71,1.00,25.81,1.00,-9999.00,-9999.00,-9999.00,-9999.00,36.40,45.44,23.32,1.00,112.28,1.00,9.54,6.80,1.03,1.00,8.51,-0.49,1.00,7.29,0.29,1.00,9.25,-0.99,1.00,7.79
2,6,37,18.26,1.00,25.86,1.00,-9999.00,-9999.00,-9999.00,-9999.00,0.00,45.79,21.14,1.00,122.22,1.00,10.05,7.55,0.45,1.00,9.61,-0.97,1.00,8.52,0.85,1.00,9.21,-0.97,1.00,8.52
2,7,38,15.37,1.00,25.73,1.00,-9999.00,-9999.00,-9999.00,-9999.00,0.00,45.21,19.95,1.00,96.53,1.00,10.22,7.79,0.75,1.00,9.47,0.10,1.00,7.69,1.40,1.00,8.82,0.73,1.00,7.06
2,8,39,16.08,1.00,24.97,1.00,-9999.00,-9999.00,-9999.00,-9999.00,0.19,45.92,28.29,1.00,104.15,1.00,10.31,8.21,0.90,1.00,9.42,0.27,1.00,7.94,1.03,1.00,9.29,0.21,1.00,7.99
2,9,40,13.61,1.00,24.46,1.00,-9999.00,-9999.00,-9999.00,-9999.00,0.06,45.87,15.86,1.00,102.13,1.00,10.15,8.69,-0.64,1.00,10.79,-0.51,1.00,9.20,-0.54,1.00,10.70,-0.51,1.00,9.20
2,10,41,18.89,1.00,25.92,1.00,-9999.00,-9999.00,-9999.00,-9999.00,0.13,45.37,42.28,1.00,114.68,1.00,10.67,9.69,0.40,1.00,10.27,-0.60,1.00,10.29,-0.18,1.00,10.85,-1.11,1.00,10.80
2,11,42,11.07,1.00,23.72,1.00,-9999.00,-9999.00,-9999.00,-9999.00,5.84,45.38,11.21,1.00,71.96,1.00,10.48,9.15,1.91,1.00,8.57,-0.64,1.00,9.79,1.96,1.00,8.53,-0.64,1.00,9.79
2,12,43,15.59,1.00,24.68,1.00,-9999.00,-9999.00,-9999.00,-9999.00,0.25,45.46,26.91,1.00,116.72,1.00,11.24,9.01,0.32,1.00,10.91,-0.27,1.00,9.28,0.28,1.00,10.96,-0.27,1.00,9.28
2,13,44,16.93,1.00,25.19,1.00,-9999.00,-9999.00,-9999.00,-9999.00,0.00,45.11,28.51,1.00,102.87,1.00,11.85,8.93,1.16,1.00,10.69,0.55,1.00,8.38,1.23,1.00,10.62,0.55,1.00,8.38
2,14,45,14.01,1.00,25.04,1.00,-9999.00,-9999.00,-9999.00,-9999.00,0.25,44.80,20.56,1.00,81.74,1.00,11.87,8.72,0.67,1.00,11.20,1.38,1.00,7.34,0.55,1.00,11.32,1.38,1.00,7.34
2,15,46,14.78,1.00,25.12,1.00,-9999.00,-9999.00,-9999.00,-9999.00,4.06,44.58,24.50,1.00,89.55,1.00,12.07,9.01,2.13,1.00,9.95,0.21,1.00,8.81,2.19,1.00,9.88,0.16,1.00,8.86
2,16,47,14.56,1.00,25.04,1.00,-9999.00,-9999.00,-9999.00,-9999.00,12.07,45.65,25.91,1.00,100.60,1.00,12.19,8.74,2.58,1.00,9.61,-0.15,1.00,8.89,2.57,1.00,9.62,-0.09,1.00,8.83
2,17,48,12.72,1.00,25.39,1.00,-9999.00,-9999.00,-9999.00,-9999.00,8.89,45.95,18.55,1.00,85.51,1.00,13.52,8.61,2.88,1.00,10.65,0.30,1.00,8.31,1.09,1.00,12.43,-0.28,1.00,8.89
2,18,49,16.72,1.00,25.74,1.00,-9999.00,-9999.00,-9999.00,-9999.00,4.32,46.09,27.67,1.00,114.67,1.00,14.99,8.46,2.19,1.00,12.80,0.76,1.00,7.70,2.50,1.00,12.49,0.64,1.00,7.82
2,19,50,15.20,1.00,25.39,1.00,-9999.00,-9999.00,-9999.00,-9999.00,1.78,45.70,30.89,1.00,83.94,1.00,15.67,8.15,2.12,1.00,13.55,0.61,1.00,7.54,2.00,1.00,13.67,0.71,1.00,7.44
2,20,51,15.66,1.00,25.52,1.00,-9999.00,-9999.00,-9999.00,-9999.00,22.48,46.02,26.23,1.00,94.70,1.00,14.86,9.48,3.73,1.00,11.12,0.63,1.00,8.85,2.78,1.00,12.08,0.31,1.00,9.17
2,21,52,15.72,1.00,25.85,1.00,-9999.00,-9999.00,-9999.00,-9999.00,7.62,46.05,17.12,1.00,111.86,1.00,14.60,9.71,2.46,1.00,12.14,1.28,1.00,8.43,1.65,1.00,12.95,1.37,1.00,8.34
2,22,53,19.49,1.00,27.24,1.00,-9999.00,-9999.00,-9999.00,-9999.00,0.00,45.88,31.08,1.00,121.98,1.00,14.84,9.86,4.50,1.00,10.33,0.47,1.00,9.40,2.17,1.00,12.67,-0.51,1.00,10.37
2,23,54,21.47,1.00,27.21,1.00,-9999.00,-9999.00,-9999.00,-9999.00,1.02,45.61,39.89,1.00,131.47,1.00,14.05,10.01,3.49,1.00,10.56,1.87,1.00,8.15,2.70,1.00,11.35,1.95,1.00,8.06
2,24,55,19.12,1.00,26.06,1.00,-9999.00,-9999.00,-9999.00,-9999.00,2.54,45.22,39.85,1.00,95.36,1.00,12.80,9.70,2.35,1.00,10.45,1.16,1.00,8.54,1.34,1.00,11.46,0.81,1.00,8.89
2,25,56,20.49,1.00,26.59,1.00,-9999.00,-9999.00,-9999.00,-9999.00,0.00,45.07,49.90,1.00,118.59,1.00,12.52,9.83,1.22,1.00,11.30,0.37,1.00,9.46,-1.50,1.00,14.02,-0.47,1.00,10.30
2,26,57,13.80,1.00,25.60,1.00,-9999.00,-9999.00,-9999.00,-9999.00,0.25,44.89,9.97,1.00,97.13,1.00,12.14,9.20,1.18,1.00,10.96,-1.40,1.00,10.60,1.30,1.00,10.84,-1.40,1.00,10.60
2,27,58,21.07,1.00,26.56,1.00,-9999.00,-9999.00,-9999.00,-9999.00,0.00,44.74,32.67,1.00,116.54,1.00,12.46,9.43,0.80,1.00,11.66,0.97,1.00,8.46,-0.09,1.00,12.54,0.84,1.00,8.59
2,28,59,17.60,1.00,26.13,1.00,-9999.00,-9999.00,-9999.00,-9999.00,0.25,44.45,30.97,1.00,103.87,1.00,11.60,8.80,1.90,1.00,9.70,1.25,1.00,7.55,2.11,1.00,9.48,1.25,1.00,7.55
3,1,60,16.49,1.00,25.89,1.00,-9999.00,-9999.00,-9999.00,-9999.00,0.06,44.15,28.34,1.00,99.85,1.00,11.39,9.06,1.33,1.00,10.06,-1.06,1.00,10.12,0.98,1.00,10.41,-1.06,1.00,10.12
3,2,61,7.51,1.00,24.22,1.00,-9999.00,-9999.00,-9999.00,-9999.00,0.32,43.97,4.01,1.00,50.10,1.00,10.54,8.86,3.36,1.00,7.18,1.63,1.00,7.23,2.44,1.00,8.09,1.62,1.00,7.24
3,3,62,8.87,1.00,24.20,1.00,-9999.00,-9999.00,-9999.00,-9999.00,5.08,43.98,6.48,1.00,57.29,1.00,9.52,8.49,3.04,1.00,6.47,-0.64,1.00,9.13,2.48,1.00,7.03,-0.88,1.00,9.37
3,4,63,11.72,1.00,23.89,1.00,-9999.00,-9999.00,-9999.00,-9999.00,4.70,43.86,11.98,1.00,79.20,1.00,10.23,8.45,1.66,1.00,8.57,0.23,1.00,8.22,0.70,1.00,9.54,-0.25,1.00,8.70
3,5,64,15.63,1.00,24.26,1.00,-9999.00,-9999.00,-9999.00,-9999.00,11.05,43.86,21.68,1.00,94.27,1.00,10.97,8.55,1.33,1.00,9.64,1.76,1.00,6.79,-0.00,1.00,10.98,1.70,1.00,6.84
3,6,65,9.15,1.00,23.82,1.00,-9999.00,-9999.00,-9999.00,-9999.00,0.51,45.98,6.75,1.00,56.17,1.00,10.54,8.52,2.65,1.00,7.89,0.66,1.00,7.86,2.74,1.00,7.81,0.78,1.00,7.74
3,7,66,11.81,1.00,24.69,1.00,-9999.00,-9999.00,-9999.00,-9999.00,0.51,45.50,16.72,1.00,76.96,1.00,10.45,8.79,2.17,1.00,8.28,0.90,1.00,7.89,2.07,1.00,8.38,0.64,1.00,8.15
3,8,67,20.19,1.00,25.95,1.00,-9999.00,-9999.00,-9999.00,-9999.00,0.76,45.23,35.60,1.00,141.33,1.00,10.96,9.10,1.22,1.00,9.74,0.57,1.00,8.53,1.55,1.00,9.41,0.60,1.00,8.51
3,9,68,18.66,1.00,25.52,1.00,-9999.00,-9999.00,-9999.00,-9999.00,2.29,44.93,39.52,1.00,135.74,1.00,10.68,8.82,-0.20,1.00,10.88,-1.54,1.00,10.36,-0.34,1.00,11.02,-1.54,1.00,10.36
3,10,69,19.23,1.00,24.84,1.00,-9999.00,-9999.00,-9999.00,-9999.00,4.95,44.52,37.24,1.00,126.97,1.00,10.82,8.92,-0.59,1.00,11.41,-1.73,1.00,10.64,-0.76,1.00,11.58,-1.72,1.00,10.63
3,11,70,9.76,1.00,24.12,1.00,-9999.00,-9999.00,-9999.00,-9999.00,12.70,45.58,6.78,1.00,55.16,1.00,10.96,8.76,3.78,1.00,7.17,2.35,1.00,6.41,4.32,1.00,6.64,2.56,1.00,6.19
3,12,71,20.73,1.00,26.02,1.00,-9999.00,-9999.00,-9999.00,-9999.00,0.00,45.97,44.30,1.00,151.19,1.00,11.33,9.03,0.93,1.00,10.40,-0.17,1.00,9.20,1.79,1.00,9.53,-0.19,1.00,9.22
3,13,72,15.00,1.00,25.51,1.00,-9999.00,-9999.00,-9999.00,-9999.00,1.40,45.59,19.82,1.00,71.23,1.00,11.05,9.02,2.11,1.00,8.94,2.14,1.00,6.89,2.40,1.00,8.65,2.29,1.00,6.73
3,14,73,18.17,1.00,25.03,1.00,-9999.00,-9999.00,-9999.00,-9999.00,1.52,45.22,25.40,1.00,129.60,1.00,10.90,8.96,1.64,1.00,9.26,1.32,1.00,7.64,1.82,1.00,9.08,1.34,1.00,7.62
3,15,74,20.45,1.00,25.99,1.00,-9999.00,-9999.00,-9999.00,-9999.00,1.27,45.00,39.72,1.00,138.65,1.00,11.85,9.40,1.16,1.00,10.69,-0.80,1.00,10.20,0.75,1.00,11.10,-0.92,1.00,10.32
3,16,75,16.66,1.00,24.58,1.00,-9999.00,-9999.00,-9999.00,-9999.00,4.83,44.84,34.99,1.00,109.09,1.00,11.66,9.16,1.32,1.00,10.34,-1.40,1.00,10.57,0.82,1.00,10.84,-1.40,1.00,10.56
3,17,76,15.48,1.00,24.69,1.00,-9999.00,-9999.00,-9999.00,-9999.00,7.11,44.99,26.26,1.00,109.92,1.00,11.92,9.27,0.93,1.00,10.99,-0.20,1.00,9.47,0.81,1.00,11.11,-0.20,1.00,9.47
3,18,77,18.85,1.00,25.88,1.00,-9999.00,-9999.00,-9999.00,-9999.00,0.00,45.42,21.77,1.00,124.76,1.00,12.57,9.38,1.38,1.00,11.18,-0.64,1.00,10.02,1.33,1.00,11.24,-0.84,1.00,10.22
3,19,78,16.38,1.00,25.16,1.00,-9999.00,-9999.00,-9999.00,-9999.00,0.00,45.10,32.97,1.00,94.38,1.00,12.23,9.27,3.37,1.00,8.86,2.16,1.00,7.12,3.29,1.00,8.94,2.14,1.00,7.14
3,20,79,18.40,1.00,25.87,1.00,-9999.00,-9999.00,-9999.00,-9999.00,0.25,44.77,34.03,1.00,111.30,1.00,12.70,9.98,1.88,1.00,10.82,1.66,1.00,8.32,1.12,1.00,11.59,1.66,1.00,8.32
3,21,80,8.92,1.00,24.68,1.00,-9999.00,-9999.00,-9999.00,-9999.00,8.26,45.15,7.74,1.00,56.24,1.00,12.82,9.79,4.32,1.00,8.49,2.44,1.00,7.35,4.21,1.00,8.60,2.50,1.00,7.29
3,22,81,5.36,1.00,23.27,1.00,-9999.00,-9999.00,-9999.00,-9999.00,18.92,46.31,-3.48,1.00,32.40,1.00,12.53,9.27,6.43,1.00,6.10,2.13,1.00,7.14,6.39,1.00,6.14,2.30,1.00,6.97
3,23,82,12.09,1.00,24.20,1.00,-9999.00,-9999.00,-9999.00,-9999.00,0.76,46.18,7.28,1.00,81.58,1.00,13.08,9.21,0.51,1.00,12.57,-0.42,1.00,9.62,0.50,1.00,12.58,-0.52,1.00,9.72
3,24,83,15.69,1.00,24.85,1.00,-9999.00,-9999.00,-9999.00,-9999.00,0.00,45.88,14.31,1.00,107.26,1.00,13.32,9.29,0.87,1.00,12.46,0.63,1.00,8.66,1.06,1.00,12.27,0.63,1.00,8.66
3,25,84,17.12,1.00,25.26,1.00,-9999.00,-9999.00,-9999.00,-9999.00,0.00,45.54,24.97,1.00,115.17,1.00,13.38,9.58,0.08,1.00,13.30,-1.31,1.00,10.89,-0.14,1.00,13.51,-1.42,1.00,11.00
3,26,85,18.77,1.00,25.33,1.00,-9999.00,-9999.00,-9999.00,-9999.00,0.00,45.16,37.85,1.00,114.06,1.00,12.64,9.77,-0.70,1.00,13.34,-3.24,1.00,13.00,-0.62,1.00,13.26,-3.33,1.00,13.09
3,27,86,12.94,1.00,24.75,1.00,-9999.00,-9999.00,-9999.00,-9999.00,8.00,44.96,18.21,1.00,100.57,1.00,12.08,9.65,1.35,1.00,10.73,-1.03,1.00,10.68,1.10,1.00,10.98,-1.05,1.00,10.70
3,28,87,17.64,1.00,24.42,1.00,-9999.00,-9999.00,-9999.00,-9999.00,4.06,45.76,25.61,1.00,110.96,1.00,11.97,9.51,1.11,1.00,10.86,0.06,1.00,9.45,1.07,1.00,10.91,0.06,1.00,9.45
3,29,88,12.39,1.00,24.33,1.00,-9999.00,-9999.00,-9999.00,-9999.00,7.62,46.10,6.92,1.00,74.08,1.00,10.73,9.01,1.07,1.00,9.66,1.59,1.00,7.42,1.11,1.00,9.62,1.59,1.00,7.42
3,30,89,14.53,1.00,24.27,1.00,-9999.00,-9999.00,-9999.00,-9999.00,0.51,46.09,17.25,1.00,90.17,1.00,11.03,9.23,4.75,1.00,6.28,2.68,1.00,6.56,4.73,1.00,6.30,2.68,1.00,6.56
3,31,90,7.87,1.00,23.79,1.00,-9999.00,-9999.00,-9999.00,-9999.00,18.54,46.09,3.96,1.00,52.45,1.00,11.18,9.33,4.89,1.00,6.29,0.45,1.00,8.88,5.01,1.00,6.17,0.60,1.00,8.73
4,1,91,16.11,1.00,24.46,1.00,-9999.00,-9999.00,-9999.00,-9999.00,5.08,46.27,25.94,1.00,108.09,1.00,11.30,9.29,0.50,1.00,10.80,0.30,1.00,8.99,0.72,1.00,10.58,0.45,1.00,8.84
4,2,92,7.01,1.00,24.00,1.00,-9999.00,-9999.00,-9999.00,-9999.00,8.38,46.27,3.84,1.00,48.33,1.00,11.05,9.01,4.47,1.00,6.58,1.02,1.00,7.99,4.31,1.00,6.74,1.06,1.00,7.95
4,3,93,16.11,1.00,25.08,1.00,-9999.00,-9999.00,-9999.00,-9999.00,1.40,46.11,20.48,1.00,105.96,1.00,12.53,9.36,1.95,1.00,10.57,0.13,1.00,9.24,1.51,1.00,11.02,0.15,1.00,9.22
4,4,94,16.26,1.00,25.20,1.00,-9999.00,-9999.00,-9999.00,-9999.00,1.14,45.81,18.11,1.00,97.29,1.00,13.71,9.45,1.03,1.00,12.68,-0.24,1.00,9.69,-0.08,1.00,13.79,-0.21,1.00,9.67
4,5,95,7.97,1.00,23.62,1.00,-9999.00,-9999.00,-9999.00,-9999.00,15.24,46.20,6.88,1.00,53.91,1.00,12.95,8.86,4.27,1.00,8.68,1.62,1.00,7.23,4.69,1.00,8.26,1.68,1.00,7.18
4,6,96,11.92,1.00,23.52,1.00,-9999.00,-9999.00,-9999.00,-9999.00,21.08,46.33,14.73,1.00,77.59,1.00,14.11,9.13,2.55,1.00,11.56,0.45,1.00,8.68,2.13,1.00,11.98,0.47,1.00,8.66
4,7,97,16.90,1.00,24.57,1.00,-9999.00,-9999.00,-9999.00,-9999.00,0.25,46.00,37.21,1.00,113.69,1.00,14.58,9.45,2.00,1.00,12.58,0.93,1.00,8.52,1.27,1.00,13.31,1.00,1.00,8.45
4,8,98,18.06,1.00,25.28,1.00,-9999.00,-9999.00,-9999.00,-9999.00,0.00,45.73,40.58,1.00,97.46,1.00,14.70,9.82,2.46,1.00,12.24,0.08,1.00,9.73,1.74,1.00,12.96,0.27,1.00,9.55
4,9,99,13.14,1.00,24.83,1.00,-9999.00,-9999.00,-9999.00,-9999.00,4.32,45.55,19.43,1.00,84.80,1.00,15.65,10.17,2.09,1.00,13.56,-0.01,1.00,10.18,1.81,1.00,13.84,0.01,1.00,10.16
4,10,100,14.65,1.00,24.21,1.00,-9999.00,-9999.00,-9999.00,-9999.00,0.00,45.97,20.01,1.00,90.14,1.00,14.42,9.34,2.13,1.00,12.30,0.41,1.00,8.94,1.03,1.00,13.39,-0.44,1.00,9.78
4,11,101,17.02,1.00,24.38,1.00,-9999.00,-9999.00,-9999.00,-9999.00,0.00,46.14,23.44,1.00,85.22,1.00,13.20,9.00,1.36,1.00,11.84,-0.12,1.00,9.11,0.82,1.00,12.38,-0.55,1.00,9.55
4,12,102,18.77,1.00,25.29,1.00,-9999.00,-9999.00,-9999.00,-9999.00,0.00,45.82,30.06,1.00,104.67,1.00,12.67,9.08,0.74,1.00,11.94,-0.27,1.00,9.35,0.26,1.00,12.42,-0.34,1.00,9.43
4,13,103,22.38,1.00,25.95,1.00,-9999.00,-9999.00,-9999.00,-9999.00,3.56,45.45,43.03,1.00,118.00,1.00,12.64,9.35,2.76,1.00,9.88,1.82,1.00,7.53,1.94,1.00,10.70,1.39,1.00,7.96
4,14,104,16.12,1.00,24.59,1.00,-9999.00,-9999.00,-9999.00,-9999.00,2.29,45.23,16.51,1.00,98.04,1.00,12.19,9.06,2.02,1.00,10.17,-0.77,1.00,9.83,1.34,1.00,10.85,-0.77,1.00,9.83
4,15,105,11.09,1.00,23.36,1.00,-9999.00,-9999.00,-9999.00,-9999.00,23.75,46.18,6.61,1.00,68.02,1.00,11.71,8.64,2.89,1.00,8.82,1.61,1.00,7.03,2.19,1.00,9.51,0.58,1.00,8.06
4,16,106,16.07,1.00,24.58,1.00,-9999.00,-9999.00,-9999.00,-9999.00,0.51,45.96,18.89,1.00,95.11,1.00,12.63,9.17,3.08,1.00,9.55,2.40,1.00,6.77,3.05,1.00,9.58,2.40,1.00,6.77
4,17,107,18.25,1.00,24.64,1.00,-9999.00,-9999.00,-9999.00,-9999.00,0.51,45.37,30.96,1.00,101.26,1.00,12.49,9.09,1.37,1.00,11.12,1.17,1.00,7.92,1.47,1.00,11.01,1.16,1.00,7.93
4,18,108,18.38,1.00,25.43,1.00,-9999.00,-9999.00,-9999.00,-9999.00,11.94,45.22,36.55,1.00,113.59,1.00,12.86,10.02,2.01,1.00,10.85,2.05,1.00,7.98,1.67,1.00,11.19,1.72,1.00,8.30
4,19,109,13.75,1.00,24.99,1.00,-9999.00,-9999.00,-9999.00,-9999.00,10.41,46.03,11.89,1.00,82.95,1.00,12.06,9.77,1.57,1.00,10.50,1.03,1.00,8.74,2.03,1.00,10.03,1.00,1.00,8.77
4,20,110,9.76,1.00,24.23,1.00,-9999.00,-9999.00,-9999.00,-9999.00,13.21,46.33,4.41,1.00,54.93,1.00,10.69,8.84,4.51,1.00,6.18,3.17,1.00,5.67,4.90,1.00,5.79,3.17,1.00,5.67
4,21,111,15.76,1.00,24.86,1.00,-9999.00,-9999.00,-9999.00,-9999.00,7.11,46.11,10.30,1.00,94.30,1.00,10.73,8.96,1.81,1.00,8.93,1.28,1.00,7.68,1.95,1.00,8.79,1.28,1.00,7.68
4,22,112,15.98,1.00,24.99,1.00,-9999.00,-9999.00,-9999.00,-9999.00,10.86,46.07,18.47,1.00,92.03,1.00,10.62,8.61,2.30,1.00,8.32,0.26,1.00,8.35,1.98,1.00,8.64,0.14,1.00,8.48
4,23,113,12.56,1.00,24.41,1.00,-9999.00,-9999.00,-9999.00,-9999.00,32.77,46.35,16.27,1.00,75.04,1.00,10.15,8.39,1.62,1.00,8.53,0.37,1.00,8.02,1.62,1.00,8.53,0.17,1.00,8.22
4,24,114,9.42,1.00,24.60,1.00,-9999.00,-9999.00,-9999.00,-9999.00,7.56,46.29,7.39,1.00,67.68,1.00,9.65,8.17,2.15,1.00,7.50,0.61,1.00,7.57,1.53,1.00,8.12,0.61,1.00,7.57
4,25,115,10.31,1.00,24.77,1.00,-9999.00,-9999.00,-9999.00,-9999.00,2.79,45.85,11.19,1.00,71.92,1.00,9.27,8.15,1.40,1.00,7.86,-0.03,1.00,8.18,0.74,1.00,8.53,0.11,1.00,8.05
4,26,116,15.69,1.00,25.27,1.00,-9999.00,-9999.00,-9999.00,-9999.00,0.25,45.63,26.23,1.00,120.97,1.00,8.66,7.69,-0.19,1.00,8.85,-1.50,1.00,9.19,-0.79,1.00,9.45,-1.35,1.00,9.04
4,27,117,8.67,1.00,24.07,1.00,-9999.00,-9999.00,-9999.00,-9999.00,0.25,45.48,9.50,1.00,57.75,1.00,8.66,7.36,1.79,1.00,6.86,0.90,1.00,6.47,1.89,1.00,6.77,0.97,1.00,6.40
4,28,118,18.46,1.00,25.72,1.00,-9999.00,-9999.00,-9999.00,-9999.00,3.68,45.25,34.10,1.00,119.71,1.00,10.34,8.32,0.42,1.00,9.92,0.75,1.00,7.58,0.57,1.00,9.77,0.73,1.00,7.59
4,29,119,16.50,1.00,25.43,1.00,-9999.00,-9999.00,-9999.00,-9999.00,2.41,45.31,21.69,1.00,124.75,1.00,10.13,7.95,-0.72,1.00,10.85,-1.71,1.00,9.66,-1.01,1.00,11.14,-1.88,1.00,9.83
4,30,120,14.81,1.00,25.02,1.00,-9999.00,-9999.00,-9999.00,-9999.00,1.14,45.33,19.30,1.00,80.49,1.00,10.00,7.99,1.07,1.00,8.92,-0.78,1.00,8.77,0.30,1.00,9.70,-0.85,1.00,8.83
5,1,121,16.82,0.85,25.81,1.00,-9999.00,-9999.00,-9999.00,-9999.00,0.00,45.12,21.60,1.00,108.60,1.00,10.63,7.99,0.86,0.85,9.77,0.11,0.85,7.87,-1.32,1.00,11.95,-1.46,1.00,9.45
5,2,122,14.95,1.00,25.17,1.00,-9999.00,-9999.00,-9999.00,-9999.00,4.06,44.91,28.24,1.00,99.44,1.00,10.43,7.55,0.38,0.94,10.05,-0.53,0.94,8.08,1.36,1.00,9.07,-0.20,1.00,7.75
5,3,123,14.21,1.00,25.09,1.00,-9999.00,-9999.00,-9999.00,-9999.00,0.00,45.31,18.97,1.00,87.37,1.00,10.46,6.50,0.61,1.00,9.84,-0.28,1.00,6.78,0.89,1.00,9.57,-0.65,1.00,7.16
5,4,124,14.26,1.00,25.13,1.00,-9999.00,-9999.00,-9999.00,-9999.00,0.00,45.47,18.64,1.00,84.77,1.00,10.38,6.63,1.06,1.00,9.32,-0.21,1.00,6.84,0.95,1.00,9.43,-0.62,1.00,7.24
5,5,125,14.32,1.00,25.14,1.00,-9999.00,-9999.00,-9999.00,-9999.00,0.00,45.41,16.96,1.00,84.18,1.00,9.70,6.51,0.72,1.00,8.98,-0.54,1.00,7.05,0.92,1.00,8.78,-0.68,1.00,7.19
5,6,126,14.35,1.00,25.47,1.00,-9999.00,-9999.00,-9999.00,-9999.00,0.00,45.04,16.28,1.00,88.16,1.00,9.04,6.40,0.32,1.00,8.72,-0.79,1.00,7.19,-0.53,1.00,9.57,-1.15,1.00,7.55
5,7,127,12.13,0.96,25.21,1.00,-9999.00,-9999.00,-9999.00,-9999.00,0.51,44.53,12.99,0.92,91.62,0.92,8.18,6.15,0.89,0.92,7.29,-0.79,0.92,6.94,3.55,1.00,4.63,1.26,1.00,4.88
5,8,128,11.33,1.00,24.13,1.00,-9999.00,-9999.00,-9999.00,-9999.00,14.48,44.92,16.90,0.92,83.96,0.92,7.28,5.78,0.83,0.88,6.45,0.32,0.88,5.46,6.04,1.00,1.23,2.78,1.00,3.01
5,9,129,14.66,1.00,24.85,1.00,-9999.00,-9999.00,-9999.00,-9999.00,0.00,45.76,16.82,1.00,86.37,1.00,7.83,6.20,0.85,1.00,6.98,-1.18,1.00,7.39,1.16,1.00,6.67,-0.73,1.00,6.94
5,10,130,14.74,1.00,25.35,1.00,-9999.00,-9999.00,-9999.00,-9999.00,0.00,45.30,15.59,1.00,90.36,1.00,7.82,6.71,1.58,1.00,6.24,-0.80,1.00,7.52,0.33,1.00,7.49,-0.84,1.00,7.56
5,11,131,14.79,1.00,25.46,1.00,-9999.00,-9999.00,-9999.00,-9999.00,0.00,45.27,14.01,1.00,92.38,1.00,8.14,6.04,0.80,1.00,7.34,-0.85,1.00,6.89,-0.36,1.00,8.50,-0.77,1.00,6.80
5,12,132,13.32,1.00,24.55,1.00,-9999.00,-9999.00,-9999.00,-9999.00,23.88,45.60,15.12,0.96,73.25,0.96,9.81,6.07,1.80,1.00,8.01,0.65,1.00,5.42,2.10,1.00,7.71,0.65,1.00,5.42
5,13,133,13.75,1.00,24.45,1.00,-9999.00,-9999.00,-9999.00,-9999.00,2.41,46.08,13.56,1.00,85.52,1.00,11.33,6.61,1.08,1.00,10.25,-1.45,1.00,8.06,1.13,1.00,10.20,-1.40,1.00,8.01
5,14,134,16.14,0.83,26.28,1.00,-9999.00,-9999.00,-9999.00,-9999.00,0.00,45.71,27.66,1.00,117.51,1.00,12.28,6.91,2.28,1.00,9.99,-1.69,1.00,8.60,-1.02,1.00,13.30,-1.73,1.00,8.64
5,15,135,15.95,1.00,26.33,1.00,-9999.00,-9999.00,-9999.00,-9999.00,0.00,45.31,16.64,1.00,100.24,1.00,12.63,7.05,0.98,1.00,11.65,-0.90,1.00,7.95,-1.90,1.00,14.53,-0.93,1.00,7.99
5,16,136,15.16,1.00,26.20,1.00,-9999.00,-9999.00,-9999.00,-9999.00,0.00,45.01,15.03,1.00,92.25,1.00,14.24,7.08,2.31,1.00,11.93,0.14,1.00,6.93,0.59,1.00,13.65,0.14,1.00,6.93
5,17,137,13.06,1.00,24.96,1.00,-9999.00,-9999.00,-9999.00,-9999.00,4.83,44.76,14.49,1.00,105.93,1.00,13.94,6.82,0.54,1.00,13.40,-0.28,1.00,7.11,-0.07,1.00,14.02,-0.30,1.00,7.13
5,18,138,15.03,1.00,25.07,1.00,-9999.00,-9999.00,-9999.00,-9999.00,9.91,45.26,14.53,0.96,101.91,0.96,14.00,6.77,0.79,0.98,13.21,-1.12,1.00,7.88,1.30,1.00,12.70,-1.12,1.00,7.88
5,19,139,13.38,1.00,25.18,1.00,-9999.00,-9999.00,-9999.00,-9999.00,1.27,45.78,14.10,1.00,73.15,1.00,13.63,7.20,1.64,1.00,11.99,-0.78,1.00,7.98,-0.12,1.00,13.75,-1.01,1.00,8.21
5,20,140,13.00,1.00,25.18,1.00,-9999.00,-9999.00,-9999.00,-9999.00,5.46,45.55,10.04,0.98,83.89,0.98,12.18,6.86,1.48,1.00,10.70,-1.31,1.00,8.17,-0.58,1.00,12.76,-1.39,1.00,8.26
5,21,141,17.68,0.90,26.57,1.00,-9999.00,-9999.00,-9999.00,-9999.00,0.25,45.62,21.67,1.00,118.82,1.00,10.99,6.51,1.02,1.00,9.97,-0.65,1.00,7.17,-2.13,1.00,13.12,-1.18,1.00,7.69
5,22,142,16.16,1.00,26.24,1.00,-9999.00,-9999.00,-9999.00,-9999.00,0.00,45.28,21.01,1.00,93.13,1.00,11.14,7.16,0.57,1.00,10.57,-1.13,1.00,8.29,-1.47,1.00,12.62,-1.25,1.00,8.41
5,23,143,13.09,1.00,24.75,1.00,-9999.00,-9999.00,-9999.00,-9999.00,1.52,45.00,19.26,1.00,90.78,1.00,10.24,6.62,0.57,1.00,9.67,-0.84,1.00,7.46,1.21,1.00,9.03,-1.01,1.00,7.63
5,24,144,10.14,1.00,24.62,1.00,-9999.00,-9999.00,-9999.00,-9999.00,0.00,44.81,12.80,1.00,55.40,1.00,9.82,6.71,1.05,1.00,8.77,-1.31,1.00,8.01,1.71,1.00,8.11,-1.36,1.00,8.06
5,25,145,15.94,1.00,24.60,1.00,-9999.00,-9999.00,-9999.00,-9999.00,0.00,44.62,28.02,1.00,89.31,1.00,9.31,6.73,0.84,1.00,8.46,-0.60,1.00,7.33,1.36,1.00,7.95,-0.60,1.00,7.33
5,26,146,14.46,1.00,24.06,1.00,-9999.00,-9999.00,-9999.00,-9999.00,13.46,44.66,25.75,1.00,84.57,1.00,9.59,6.76,0.61,1.00,8.98,-1.19,1.00,7.95,1.54,1.00,8.05,-1.24,1.00,8.00
5,27,147,15.67,1.00,25.02,1.00,-9999.00,-9999.00,-9999.00,-9999.00,7.37,45.88,20.51,1.00,96.28,1.00,9.91,7.07,1.16,1.00,8.74,1.14,1.00,5.94,1.90,1.00,8.01,1.14,1.00,5.94
5,28,148,15.04,1.00,24.87,1.00,-9999.00,-9999.00,-9999.00,-9999.00,13.72,46.17,18.73,1.00,86.19,1.00,9.74,7.34,0.86,1.00,8.88,-0.88,1.00,8.22,1.24,1.00,8.51,-1.21,1.00,8.55
5,29,149,14.93,1.00,25.39,1.00,-9999.00,-9999.00,-9999.00,-9999.00,0.00,45.69,18.52,1.00,75.28,1.00,10.07,7.95,1.48,1.00,8.59,1.12,1.00,6.83,1.95,1.00,8.11,0.68,1.00,7.27
5,30,150,17.72,1.00,25.39,1.00,-9999.00,-9999.00,-9999.00,-9999.00,5.59,45.32,19.88,1.00,94.76,1.00,9.70,7.93,0.35,1.00,9.35,-0.68,1.00,8.62,0.40,1.00,9.30,-0.75,1.00,8.68
5,31,151,19.68,1.00,26.39,1.00,-9999.00,-9999.00,-9999.00,-9999.00,3.43,45.41,26.78,1.00,117.22,1.00,9.96,8.53,2.26,1.00,7.70,1.03,1.00,7.50,1.22,1.00,8.74,0.74,1.00,7.79
6,1,152,19.80,1.00,25.45,1.00,-9999.00,-9999.00,-9999.00,-9999.00,3.56,45.64,27.88,1.00,108.11,1.00,9.90,8.71,0.21,1.00,9.69,-0.55,1.00,9.27,-0.14,1.00,10.04,-1.16,1.00,9.88
6,2,153,17.96,1.00,24.66,1.00,-9999.00,-9999.00,-9999.00,-9999.00,0.13,45.58,29.58,1.00,104.36,1.00,9.64,8.61,-0.25,1.00,9.89,0.36,1.00,8.25,-0.70,1.00,10.34,0.12,1.00,8.49
6,3,154,15.97,1.00,25.34,1.00,-9999.00,-9999.00,-9999.00,-9999.00,0.00,45.21,16.73,1.00,95.43,1.00,8.92,8.47,-0.43,1.00,9.35,-0.58,1.00,9.05,0.10,1.00,8.82,-0.99,1.00,9.46
6,4,155,15.42,1.00,24.84,1.00,-9999.00,-9999.00,-9999.00,-9999.00,0.25,44.91,30.02,1.00,86.76,1.00,8.54,8.43,1.29,1.00,7.26,1.15,1.00,7.29,1.95,1.00,6.59,0.85,1.00,7.58
6,5,156,16.78,1.00,25.27,1.00,-9999.00,-9999.00,-9999.00,-9999.00,0.00,44.66,25.39,1.00,94.22,1.00,8.86,8.19,1.69,1.00,7.17,1.28,1.00,6.91,2.05,1.00,6.81,0.93,1.00,7.26
6,6,157,18.11,1.00,26.05,1.00,-9999.00,-9999.00,-9999.00,-9999.00,0.00,44.43,28.89,1.00,109.95,1.00,7.97,7.80,1.54,1.00,6.44,1.85,1.00,5.94,1.74,1.00,6.23,1.37,1.00,6.43
6,7,158,8.45,1.00,24.11,1.00,-9999.00,-9999.00,-9999.00,-9999.00,23.88,45.14,8.79,1.00,49.71,1.00,7.03,6.87,2.23,1.00,4.80,-1.11,1.00,7.98,4.36,1.00,2.67,-1.25,1.00,8.12
6,8,159,12.19,1.00,23.13,1.00,-9999.00,-9999.00,-9999.00,-9999.00,3.43,45.96,16.71,1.00,64.90,1.00,6.50,6.40,-0.07,1.00,6.57,0.02,1.00,6.38,1.42,1.00,5.08,-0.08,1.00,6.48
6,9,160,18.50,1.00,24.30,1.00,-9999.00,-9999.00,-9999.00,-9999.00,4.83,46.04,29.59,1.00,111.59,1.00,5.21,6.11,-1.29,1.00,6.50,-2.29,1.00,8.40,0.25,1.00,4.96,-2.29,1.00,8.40
6,10,161,20.44,1.00,25.81,1.00,-9999.00,-9999.00,-9999.00,-9999.00,0.00,45.66,25.93,1.00,128.57,1.00,4.56,5.75,-0.25,1.00,4.82,1.96,1.00,3.79,0.54,1.00,4.02,1.90,1.00,3.84
6,11,162,19.42,1.00,26.24,1.00,-9999.00,-9999.00,-9999.00,-9999.00,0.00,45.27,27.39,1.00,106.42,1.00,5.99,5.78,0.31,1.00,5.68,1.57,1.00,4.20,1.15,1.00,4.84,1.58,1.00,4.20
6,12,163,19.09,1.00,26.31,1.00,-9999.00,-9999.00,-9999.00,-9999.00,0.00,44.95,26.84,1.00,126.76,1.00,6.09,5.57,0.69,1.00,5.40,2.21,1.00,3.36,1.80,1.00,4.29,2.20,1.00,3.37
6,13,164,17.67,1.00,25.24,1.00,-9999.00,-9999.00,-9999.00,-9999.00,0.00,44.67,32.98,1.00,98.15,1.00,5.95,5.44,-0.86,1.00,6.81,-0.28,1.00,5.73,1.12,1.00,4.83,-0.15,1.00,5.60
6,14,165,11.37,1.00,23.56,1.00,-9999.00,-9999.00,-9999.00,-9999.00,14.35,44.65,13.39,1.00,90.32,1.00,6.32,5.65,-0.85,1.00,7.17,-3.26,1.00,8.91,2.58,1.00,3.74,-3.33,1.00,8.98
6,15,166,19.12,1.00,24.89,1.00,-9999.00,-9999.00,-9999.00,-9999.00,0.25,45.97,35.16,1.00,109.16,1.00,6.80,5.82,-1.00,1.00,7.80,-0.71,1.00,6.53,0.04,1.00,6.76,-0.43,1.00,6.25
6,16,167,14.52,1.00,24.18,1.00,-9999.00,-9999.00,-9999.00,-9999.00,34.80,45.85,19.47,1.00,75.19,1.00,5.94,5.10,0.33,1.00,5.61,0.86,1.00,4.24,3.46,1.00,2.48,0.90,1.00,4.20
6,17,168,18.71,1.00,25.20,1.00,-9999.00,-9999.00,-9999.00,-9999.00,2.92,45.97,24.23,1.00,108.78,1.00,5.70,4.82,-1.43,1.00,7.13,-2.00,1.00,6.83,0.45,1.00,5.24,-1.96,1.00,6.78
6,18,169,19.29,1.00,25.57,1.00,-9999.00,-9999.00,-9999.00,-9999.00,0.00,45.78,30.46,1.00,135.75,1.00,5.93,4.81,-0.67,1.00,6.60,-0.13,1.00,4.93,-0.19,1.00,6.12,-0.07,1.00,4.88
6,19,170,17.94,1.00,26.80,1.00,-9999.00,-9999.00,-9999.00,-9999.00,0.25,45.38,15.89,1.00,131.38,1.00,5.34,5.05,0.10,1.00,5.24,-1.62,1.00,6.66,0.03,1.00,5.32,-1.41,1.00,6.46
6,20,171,18.46,1.00,26.70,1.00,-9999.00,-9999.00,-9999.00,-9999.00,0.00,45.03,22.50,1.00,143.03,1.00,5.43,4.96,-1.75,1.00,7.18,-2.02,1.00,6.98,-1.88,1.00,7.31,-2.45,1.00,7.41
6,21,172,13.21,1.00,25.38,1.00,-9999.00,-9999.00,-9999.00,-9999.00,0.00,44.75,24.36,1.00,81.59,1.00,6.56,5.22,-1.85,1.00,8.41,-2.59,1.00,7.81,-1.45,1.00,8.01,-2.46,1.00,7.67
6,22,173,18.79,1.00,25.20,1.00,-9999.00,-9999.00,-9999.00,-9999.00,11.43,45.51,42.85,1.00,121.28,1.00,6.99,5.10,1.07,1.00,5.92,0.44,1.00,4.66,2.56,1.00,4.43,0.35,1.00,4.76
6,23,174,18.60,1.00,25.17,1.00,-9999.00,-9999.00,-9999.00,-9999.00,15.75,45.77,30.50,1.00,94.59,1.00,7.11,5.26,1.36,1.00,5.74,-0.01,1.00,5.27,3.11,1.00,4.00,-0.11,1.00,5.37
6,24,175,18.89,1.00,25.13,1.00,-9999.00,-9999.00,-9999.00,-9999.00,0.00,45.96,22.21,1.00,114.50,1.00,7.60,5.88,3.03,1.00,4.57,1.75,1.00,4.13,3.84,1.00,3.76,1.71,1.00,4.17
6,25,176,13.02,1.00,24.80,1.00,-9999.00,-9999.00,-9999.00,-9999.00,0.89,45.47,19.93,1.00,82.47,1.00,8.04,6.11,1.13,1.00,6.91,0.62,1.00,5.50,2.32,1.00,5.71,0.59,1.00,5.52
6,26,177,12.34,1.00,25.15,1.00,-9999.00,-9999.00,-9999.00,-9999.00,0.00,45.16,17.85,1.00,70.91,1.00,9.31,6.64,2.42,1.00,6.89,1.43,1.00,5.21,3.07,1.00,6.24,1.35,1.00,5.28
6,27,178,15.29,1.00,24.71,1.00,-9999.00,-9999.00,-9999.00,-9999.00,13.08,44.98,18.69,1.00,102.30,1.00,9.30,6.63,0.44,1.00,8.86,-0.10,1.00,6.73,1.67,1.00,7.63,-0.13,1.00,6.76
6,28,179,17.45,1.00,25.70,1.00,-9999.00,-9999.00,-9999.00,-9999.00,5.33,45.89,20.20,1.00,122.72,1.00,10.07,7.18,1.28,1.00,8.78,1.44,1.00,5.75,1.26,1.00,8.81,1.11,1.00,6.08
6,29,180,22.07,1.00,26.92,1.00,-9999.00,-9999.00,-9999.00,-9999.00,0.00,45.62,24.29,1.00,132.72,1.00,12.92,6.73,2.24,1.00,10.69,-0.20,1.00,6.92,1.01,1.00,11.91,-1.10,1.00,7.83
6,30,181,17.66,1.00,26.59,1.00,-9999.00,-9999.00,-9999.00,-9999.00,0.00,45.20,22.19,1.00,106.18,1.00,12.55,6.44,2.12,1.00,10.43,0.36,1.00,6.08,0.98,1.00,11.57,0.51,1.00,5.93
7,1,182,19.31,1.00,26.84,1.00,-9999.00,-9999.00,-9999.00,-9999.00,0.00,44.87,19.05,1.00,115.48,1.00,8.53,6.72,0.10,1.00,8.44,-1.50,1.00,8.22,-1.16,1.00,9.69,-2.06,1.00,8.78
7,2,183,16.93,1.00,25.81,1.00,-9999.00,-9999.00,-9999.00,-9999.00,14.29,44.75,23.24,1.00,97.67,1.00,7.93,6.18,3.99,1.00,3.94,0.54,1.00,5.64,4.31,1.00,3.62,0.79,1.00,5.39
7,3,184,15.50,1.00,25.20,1.00,-9999.00,-9999.00,-9999.00,-9999.00,0.19,45.98,16.57,1.00,98.81,1.00,7.79,5.94,-0.49,1.00,8.28,-1.49,1.00,7.43,0.13,1.00,7.67,-1.59,1.00,7.53
7,4,185,18.57,1.00,25.85,1.00,-9999.00,-9999.00,-9999.00,-9999.00,1.78,45.54,24.05,1.00,104.00,1.00,8.09,5.87,1.60,1.00,6.48,0.39,1.00,5.47,1.94,1.00,6.15,0.25,1.00,5.62
7,5,186,20.69,1.00,26.50,1.00,-9999.00,-9999.00,-9999.00,-9999.00,0.25,45.20,26.34,1.00,129.45,1.00,8.86,5.56,1.72,1.00,7.14,0.48,1.00,5.08,1.34,1.00,7.52,0.72,1.00,4.84
7,6,187,20.17,1.00,26.33,1.00,-9999.00,-9999.00,-9999.00,-9999.00,0.00,44.91,30.62,1.00,114.12,1.00,8.51,5.28,2.85,1.00,5.67,0.64,1.00,4.64,2.74,1.00,5.78,1.09,1.00,4.19
7,7,188,22.14,1.00,27.07,1.00,-9999.00,-9999.00,-9999.00,-9999.00,0.00,44.65,26.45,1.00,118.81,1.00,6.47,5.73,4.03,1.00,2.44,2.92,1.00,2.81,3.28,1.00,3.20,3.02,1.00,2.71
7,8,189,21.30,1.00,27.34,1.00,-9999.00,-9999.00,-9999.00,-9999.00,0.51,44.39,37.00,1.00,142.02,1.00,6.42,5.67,3.12,1.00,3.30,1.72,1.00,3.96,1.75,1.00,4.66,1.00,1.00,4.67
7,9,190,18.30,1.00,26.54,1.00,-9999.00,-9999.00,-9999.00,-9999.00,0.00,44.19,21.74,1.00,93.79,1.00,7.80,5.48,0.44,1.00,7.36,-1.31,1.00,6.78,-0.33,1.00,8.13,-1.17,1.00,6.65
7,10,191,18.66,1.00,26.20,1.00,-9999.00,-9999.00,-9999.00,-9999.00,0.00,44.10,24.01,1.00,107.38,1.00,9.27,6.41,1.43,1.00,7.84,0.81,1.00,5.61,0.88,1.00,8.39,0.04,1.00,6.38
7,11,192,12.03,1.00,24.72,1.00,-9999.00,-9999.00,-9999.00,-9999.00,9.40,43.77,12.72,1.00,89.33,1.00,9.06,6.36,0.29,1.00,8.77,-0.13,1.00,6.49,1.60,1.00,7.46,-0.58,1.00,6.94
7,12,193,15.93,1.00,25.80,1.00,-9999.00,-9999.00,-9999.00,-9999.00,0.00,43.95,18.62,1.00,89.34,1.00,9.06,6.98,0.91,1.00,8.16,0.63,1.00,6.35,1.17,1.00,7.89,0.52,1.00,6.46
7,13,194,19.29,1.00,25.96,1.00,-9999.00,-9999.00,-9999.00,-9999.00,0.00,44.00,23.31,1.00,89.35,1.00,7.85,7.11,3.08,1.00,4.77,0.49,1.00,6.62,2.92,1.00,4.93,0.22,1.00,6.89
7,14,195,17.14,1.00,25.51,1.00,-9999.00,-9999.00,-9999.00,-9999.00,0.51,43.88,25.90,1.00,97.24,1.00,7.51,7.03,2.11,1.00,5.40,2.02,1.00,5.01,2.86,1.00,4.65,2.09,1.00,4.94
7,15,196,18.59,1.00,25.89,1.00,-9999.00,-9999.00,-9999.00,-9999.00,0.00,43.76,20.59,1.00,111.93,1.00,7.46,6.69,1.89,1.00,5.58,1.83,1.00,4.86,2.08,1.00,5.38,1.64,1.00,5.05
7,16,197,18.02,1.00,26.23,1.00,-9999.00,-9999.00,-9999.00,-9999.00,0.51,43.62,17.20,1.00,111.10,1.00,7.47,6.64,2.55,1.00,4.93,2.38,1.00,4.26,2.55,1.00,4.93,2.16,1.00,4.48
7,17,198,20.75,1.00,26.16,1.00,-9999.00,-9999.00,-9999.00,-9999.00,0.00,43.43,31.29,1.00,115.04,1.00,6.82,6.41,0.05,1.00,6.76,0.52,1.00,5.88,0.16,1.00,6.65,0.42,1.00,5.99
7,18,199,20.65,1.00,26.23,1.00,-9999.00,-9999.00,-9999.00,-9999.00,0.00,43.21,34.99,1.00,138.85,1.00,6.80,5.89,0.52,1.00,6.29,-0.06,1.00,5.95,0.54,1.00,6.27,-0.22,1.00,6.11
7,19,200,17.89,1.00,26.25,1.00,-9999.00,-9999.00,-9999.00,-9999.00,0.51,43.00,32.09,1.00,100.64,1.00,6.60,5.91,1.33,1.00,5.27,-1.26,1.00,7.17,1.26,1.00,5.34,-1.01,1.00,6.92
7,20,201,18.07,1.00,26.78,1.00,-9999.00,-9999.00,-9999.00,-9999.00,0.00,42.79,26.76,1.00,135.65,1.00,6.70,5.92,0.18,1.00,6.52,-0.23,1.00,6.15,0.14,1.00,6.56,-0.29,1.00,6.21
7,21,202,18.57,1.00,26.62,1.00,-9999.00,-9999.00,-9999.00,-9999.00,0.00,42.59,27.97,1.00,104.84,1.00,6.99,6.07,0.56,1.00,6.43,0.88,1.00,5.19,0.62,1.00,6.37,1.08,1.00,5.00
7,22,203,18.97,1.00,26.50,1.00,-9999.00,-9999.00,-9999.00,-9999.00,0.00,42.39,20.84,1.00,114.82,1.00,6.82,6.10,0.22,1.00,6.59,1.85,1.00,4.25,0.69,1.00,6.13,1.85,1.00,4.25
7,23,204,19.47,1.00,26.51,1.00,-9999.00,-9999.00,-9999.00,-9999.00,0.00,42.15,27.02,1.00,112.53,1.00,6.78,6.48,0.82,1.00,5.96,0.89,1.00,5.59,1.35,1.00,5.43,0.89,1.00,5.59
7,24,205,17.83,1.00,26.80,1.00,-9999.00,-9999.00,-9999.00,-9999.00,0.00,41.89,27.85,1.00,87.01,1.00,6.90,6.58,-0.25,1.00,7.15,-0.25,1.00,6.83,-0.06,1.00,6.97,-0.35,1.00,6.93
7,25,206,18.73,1.00,26.65,1.00,-9999.00,-9999.00,-9999.00,-9999.00,0.00,41.64,23.34,1.00,103.74,1.00,7.01,6.41,0.70,1.00,6.31,-0.01,1.00,6.42,0.93,1.00,6.07,-0.12,1.00,6.53
7,26,207,17.89,1.00,26.38,1.00,-9999.00,-9999.00,-9999.00,-9999.00,0.00,41.38,31.90,1.00,98.46,1.00,6.13,6.43,0.93,1.00,5.19,2.09,1.00,4.34,1.32,1.00,4.80,2.02,1.00,4.41
7,27,208,12.62,1.00,24.31,1.00,-9999.00,-9999.00,-9999.00,-9999.00,14.61,43.92,19.05,1.00,86.21,1.00,5.62,5.91,-1.08,1.00,6.70,-1.65,1.00,7.57,-0.24,1.00,5.86,-1.81,1.00,7.73
7,28,209,19.23,1.00,26.35,1.00,-9999.00,-9999.00,-9999.00,-9999.00,0.00,44.92,24.45,1.00,109.45,1.00,5.60,6.36,-0.41,1.00,6.01,0.50,1.00,5.86,-0.31,1.00,5.91,0.09,1.00,6.26
7,29,210,18.69,1.00,26.29,1.00,-9999.00,-9999.00,-9999.00,-9999.00,0.00,44.52,26.52,1.00,78.80,1.00,4.94,6.11,0.16,1.00,4.77,-0.39,1.00,6.49,0.25,1.00,4.69,-0.47,1.00,6.57
7,30,211,18.22,1.00,25.55,1.00,-9999.00,-9999.00,-9999.00,-9999.00,3.43,44.20,36.30,1.00,99.41,1.00,5.80,5.59,1.03,1.00,4.77,-0.23,1.00,5.82,1.52,1.00,4.28,-0.26,1.00,5.85
7,31,212,18.17,1.00,25.23,1.00,-9999.00,-9999.00,-9999.00,-9999.00,0.00,44.01,19.93,1.00,101.77,1.00,5.89,5.27,-1.64,1.00,7.53,-0.78,1.00,6.05,0.19,1.00,5.70,-0.73,1.00,6.00
8,1,213,17.16,1.00,25.48,1.00,-9999.00,-9999.00,-9999.00,-9999.00,0.25,43.91,30.97,1.00,99.01,1.00,6.01,5.00,-0.51,1.00,6.52,-1.55,1.00,6.55,1.11,1.00,4.90,-1.71,1.00,6.71
8,2,214,18.19,1.00,25.98,1.00,-9999.00,-9999.00,-9999.00,-9999.00,0.51,43.72,25.00,1.00,92.46,1.00,6.37,5.06,-1.69,1.00,8.06,-1.08,1.00,6.14,-0.61,1.00,6.98,-1.08,1.00,6.14
8,3,215,19.17,1.00,26.46,1.00,-9999.00,-9999.00,-9999.00,-9999.00,0.00,43.49,22.48,1.00,119.03,1.00,5.50,4.74,0.27,1.00,5.23,-0.73,1.00,5.48,0.29,1.00,5.21,-0.73,1.00,5.48
8,4,216,17.53,1.00,25.91,1.00,-9999.00,-9999.00,-9999.00,-9999.00,0.00,43.24,26.51,1.00,110.85,1.00,4.83,4.23,0.49,1.00,4.34,-0.53,1.00,4.76,0.79,1.00,4.04,-0.20,1.00,4.43
8,5,217,17.62,1.00,25.48,1.00,-9999.00,-9999.00,-9999.00,-9999.00,0.00,42.99,31.19,1.00,113.71,1.00,4.73,4.07,-1.76,1.00,6.50,-3.92,1.00,7.99,-0.55,1.00,5.28,-3.96,1.00,8.03
8,6,218,17.70,1.00,25.99,1.00,-9999.00,-9999.00,-9999.00,-9999.00,0.00,42.73,15.60,1.00,84.18,1.00,4.94,4.29,-0.16,1.00,5.10,-1.09,1.00,5.38,0.76,1.00,4.19,-1.37,1.00,5.66
8,7,219,22.06,1.00,26.37,1.00,-9999.00,-9999.00,-9999.00,-9999.00,0.00,42.46,31.33,1.00,124.61,1.00,4.19,4.14,-1.50,1.00,5.69,-2.77,1.00,6.92,-1.34,1.00,5.53,-2.88,1.00,7.02
8,8,220,22.01,1.00,26.71,1.00,-9999.00,-9999.00,-9999.00,-9999.00,0.00,42.15,40.69,1.00,130.45,1.00,3.96,4.08,0.64,1.00,3.32,-0.34,1.00,4.43,0.74,1.00,3.23,-0.12,1.00,4.21
8,9,221,21.34,1.00,26.84,1.00,-9999.00,-9999.00,-9999.00,-9999.00,0.00,41.81,28.51,1.00,105.38,1.00,3.96,4.29,0.81,1.00,3.16,1.31,1.00,2.98,0.96,1.00,3.00,1.25,1.00,3.04
8,10,222,18.87,1.00,26.66,1.00,-9999.00,-9999.00,-9999.00,-9999.00,0.00,41.49,24.44,1.00,104.60,1.00,3.96,4.36,-2.07,1.00,6.04,-1.67,1.00,6.03,-1.65,1.00,5.61,-1.57,1.00,5.94
8,11,223,20.54,1.00,26.47,1.00,-9999.00,-9999.00,-9999.00,-9999.00,0.00,41.18,32.51,1.00,125.91,1.00,4.15,4.57,0.38,1.00,3.77,1.24,1.00,3.33,1.19,1.00,2.96,1.38,1.00,3.20
8,12,224,16.04,1.00,26.23,1.00,-9999.00,-9999.00,-9999.00,-9999.00,0.00,41.03,11.28,1.00,97.88,1.00,4.85,5.09,-0.97,1.00,5.82,-1.90,1.00,6.98,-0.85,1.00,5.70,-1.30,1.00,6.38
8,13,225,18.78,1.00,26.36,1.00,-9999.00,-9999.00,-9999.00,-9999.00,0.00,40.81,24.51,1.00,117.33,1.00,5.01,5.21,-0.73,1.00,5.74,-0.29,1.00,5.51,0.13,1.00,4.89,-0.81,1.00,6.02
8,14,226,18.39,1.00,26.11,1.00,-9999.00,-9999.00,-9999.00,-9999.00,0.76,40.39,23.45,1.00,108.26,1.00,5.21,5.18,-0.48,1.00,5.69,-1.43,1.00,6.60,0.46,1.00,4.75,-1.43,1.00,6.60
8,15,227,18.45,1.00,25.98,1.00,-9999.00,-9999.00,-9999.00,-9999.00,0.00,40.18,25.00,1.00,107.14,1.00,5.80,5.56,-1.31,1.00,7.11,-2.07,1.00,7.63,-0.07,1.00,5.86,-2.42,1.00,7.99
8,16,228,19.02,1.00,26.15,1.00,-9999.00,-9999.00,-9999.00,-9999.00,0.00,40.03,21.35,1.00,116.74,1.00,6.54,5.63,-0.37,1.00,6.90,-0.53,1.00,6.16,0.13,1.00,6.41,-0.53,1.00,6.16
8,17,229,19.36,1.00,26.26,1.00,-9999.00,-9999.00,-9999.00,-9999.00,0.00,39.89,32.68,1.00,122.37,1.00,6.18,5.55,-3.01,1.00,9.19,-3.68,1.00,9.24,-2.19,1.00,8.37,-3.92,1.00,9.47
8,18,230,17.02,1.00,26.11,1.00,-9999.00,-9999.00,-9999.00,-9999.00,0.00,39.79,22.80,1.00,94.00,1.00,6.18,5.64,2.18,1.00,4.01,1.28,1.00,4.37,2.74,1.00,3.44,0.77,1.00,4.87
8,19,231,17.14,1.00,26.12,1.00,-9999.00,-9999.00,-9999.00,-9999.00,0.00,39.70,22.60,1.00,101.60,1.00,6.46,5.63,-0.13,1.00,6.59,-0.55,1.00,6.18,0.67,1.00,5.79,-0.80,1.00,6.44
8,20,232,18.82,1.00,26.38,1.00,-9999.00,-9999.00,-9999.00,-9999.00,0.00,39.61,27.58,1.00,112.63,1.00,6.47,5.12,-4.89,1.00,11.36,-6.07,1.00,11.19,-4.47,1.00,10.94,-5.91,1.00,11.03
8,21,233,20.09,1.00,26.55,1.00,-9999.00,-9999.00,-9999.00,-9999.00,0.25,39.53,29.91,1.00,124.25,1.00,6.47,4.98,-0.05,1.00,6.52,-0.50,1.00,5.47,0.63,1.00,5.84,-0.84,1.00,5.81
8,22,234,19.67,1.00,26.82,1.00,-9999.00,-9999.00,-9999.00,-9999.00,0.00,39.46,30.14,1.00,108.95,1.00,6.09,4.85,2.45,1.00,3.64,1.44,1.00,3.41,3.01,1.00,3.08,1.20,1.00,3.65
8,23,235,17.36,1.00,26.92,1.00,-9999.00,-9999.00,-9999.00,-9999.00,0.00,39.39,24.55,1.00,98.02,1.00,5.63,4.68,-0.78,1.00,6.41,-2.14,1.00,6.82,-0.71,1.00,6.34,-1.93,1.00,6.61
8,24,236,20.16,1.00,26.97,1.00,-9999.00,-9999.00,-9999.00,-9999.00,0.00,39.34,37.08,1.00,125.25,1.00,5.11,4.78,3.20,1.00,1.91,2.52,1.00,2.25,3.39,1.00,1.73,2.40,1.00,2.37
8,25,237,17.81,1.00,26.73,1.00,-9999.00,-9999.00,-9999.00,-9999.00,0.00,39.30,21.90,1.00,115.22,1.00,4.72,4.64,-1.89,1.00,6.61,-2.97,1.00,7.61,-1.51,1.00,6.24,-3.04,1.00,7.69
8,26,238,16.95,1.00,26.54,1.00,-9999.00,-9999.00,-9999.00,-9999.00,0.00,39.26,22.25,1.00,111.90,1.00,5.34,4.83,-1.62,1.00,6.96,-3.35,1.00,8.18,-1.47,1.00,6.81,-3.58,1.00,8.42
8,27,239,20.27,1.00,26.63,1.00,-9999.00,-9999.00,-9999.00,-9999.00,0.00,39.23,30.87,1.00,127.44,1.00,5.30,4.90,-0.60,1.00,5.90,-0.80,1.00,5.70,0.10,1.00,5.20,-0.94,1.00,5.84
8,28,240,22.02,1.00,26.78,1.00,-9999.00,-9999.00,-9999.00,-9999.00,0.00,39.19,35.92,1.00,116.91,1.00,5.36,5.11,-1.27,1.00,6.63,-1.69,1.00,6.80,-0.67,1.00,6.02,-1.93,1.00,7.04
8,29,241,23.07,1.00,27.18,1.00,-9999.00,-9999.00,-9999.00,-9999.00,0.00,39.14,37.17,1.00,120.00,1.00,5.49,5.31,-1.52,1.00,7.01,-2.35,1.00,7.66,-0.89,1.00,6.38,-2.35,1.00,7.66
8,30,242,18.58,1.00,26.34,1.00,-9999.00,-9999.00,-9999.00,-9999.00,0.00,39.10,34.17,1.00,111.69,1.00,5.42,5.22,-3.44,1.00,8.86,-3.44,1.00,8.65,-3.31,1.00,8.73,-2.99,1.00,8.21
8,31,243,19.30,1.00,26.62,1.00,-9999.00,-9999.00,-9999.00,-9999.00,0.00,39.08,30.62,1.00,114.66,1.00,5.51,5.17,-2.14,1.00,7.64,-2.18,1.00,7.36,-0.67,1.00,6.17,-1.56,1.00,6.74
9,1,244,19.56,1.00,27.17,1.00,-9999.00,-9999.00,-9999.00,-9999.00,0.00,39.06,32.16,1.00,112.77,1.00,5.48,5.00,-2.40,1.00,7.88,-1.78,1.00,6.78,-1.30,1.00,6.78,-0.83,1.00,5.83
9,2,245,19.10,1.00,26.74,1.00,-9999.00,-9999.00,-9999.00,-9999.00,0.00,39.04,29.39,1.00,113.62,1.00,6.83,5.13,-3.92,1.00,10.74,-1.17,1.00,6.30,-2.81,1.00,9.64,-1.02,1.00,6.15
9,3,246,19.38,1.00,27.00,1.00,-9999.00,-9999.00,-9999.00,-9999.00,0.00,39.03,32.67,1.00,109.03,1.00,7.07,4.55,-2.58,1.00,9.65,-2.40,1.00,6.95,-0.81,1.00,7.89,-1.57,1.00,6.12
9,4,247,22.84,1.00,27.47,1.00,-9999.00,-9999.00,-9999.00,-9999.00,0.00,38.99,51.68,1.00,153.25,1.00,7.15,4.52,-1.72,1.00,8.87,-0.51,1.00,5.03,-1.31,1.00,8.46,-0.45,1.00,4.97
9,5,248,17.67,1.00,26.12,1.00,-9999.00,-9999.00,-9999.00,-9999.00,0.00,38.95,24.86,1.00,90.83,1.00,6.76,4.18,-0.73,1.00,7.49,-2.54,1.00,6.72,-0.83,1.00,7.59,-2.44,1.00,6.62
9,6,249,18.93,1.00,26.89,1.00,-9999.00,-9999.00,-9999.00,-9999.00,0.25,38.96,27.82,1.00,101.90,1.00,6.91,3.51,-6.12,1.00,13.03,-2.23,1.00,5.74,-0.72,1.00,7.63,-1.39,1.00,4.90
9,7,250,19.27,1.00,26.99,1.00,-9999.00,-9999.00,-9999.00,-9999.00,0.00,38.94,32.98,1.00,105.50,1.00,6.90,3.38,-7.03,1.00,13.92,-1.26,1.00,4.64,-0.74,1.00,7.63,-1.19,1.00,4.57
9,8,251,22.70,1.00,27.50,1.00,-9999.00,-9999.00,-9999.00,-9999.00,0.00,38.91,40.27,1.00,111.84,1.00,6.98,4.08,-6.90,0.96,13.88,-1.57,0.96,5.65,-1.33,1.00,8.31,-1.06,1.00,5.13
9,9,252,19.32,1.00,27.88,1.00,-9999.00,-9999.00,-9999.00,-9999.00,0.00,38.89,31.23,1.00,110.38,1.00,7.03,4.66,-6.39,0.98,13.42,-1.36,1.00,6.01,-1.08,1.00,8.12,-0.28,1.00,4.94
9,10,253,20.27,1.00,26.70,1.00,-9999.00,-9999.00,-9999.00,-9999.00,0.00,38.85,35.86,1.00,102.26,1.00,6.70,4.96,-4.72,0.94,11.42,-2.42,0.96,7.38,-0.66,1.00,7.35,-1.46,1.00,6.42
9,11,254,18.15,1.00,26.32,1.00,-9999.00,-9999.00,-9999.00,-9999.00,0.00,38.83,24.01,1.00,92.42,1.00,6.55,5.36,-0.96,0.94,7.52,-1.81,0.94,7.17,-0.33,1.00,6.88,-1.55,1.00,6.91
9,12,255,18.34,1.00,26.96,1.00,-9999.00,-9999.00,-9999.00,-9999.00,0.00,38.81,39.25,1.00,105.60,1.00,6.67,5.97,-1.12,0.98,7.79,-2.04,0.98,8.01,-0.83,1.00,7.50,-1.14,1.00,7.11
9,13,256,17.04,1.00,27.14,1.00,-9999.00,-9999.00,-9999.00,-9999.00,0.00,38.79,33.10,1.00,93.61,1.00,6.67,6.49,-1.49,0.98,8.16,-1.98,0.98,8.47,-0.77,1.00,7.44,-0.78,1.00,7.28
9,14,257,21.78,1.00,27.88,1.00,-9999.00,-9999.00,-9999.00,-9999.00,0.00,38.77,38.68,1.00,119.22,1.00,6.66,6.98,-0.69,0.98,7.35,-1.13,1.00,8.11,-1.56,1.00,8.22,-0.70,1.00,7.68
9,15,258,17.54,1.00,27.71,1.00,-9999.00,-9999.00,-9999.00,-9999.00,0.00,38.74,23.76,1.00,103.90,1.00,5.62,6.24,-0.17,1.00,5.79,-0.99,1.00,7.24,-1.23,1.00,6.85,-0.60,1.00,6.85
9,16,259,14.18,1.00,27.17,1.00,-9999.00,-9999.00,-9999.00,-9999.00,0.00,38.72,-1.92,1.00,106.46,1.00,4.62,5.52,0.79,1.00,3.83,-0.51,1.00,6.03,-0.70,1.00,5.32,-0.84,1.00,6.37
9,17,260,18.26,1.00,27.23,1.00,-9999.00,-9999.00,-9999.00,-9999.00,0.00,38.71,25.91,1.00,114.31,1.00,4.47,5.30,0.96,1.00,3.51,0.63,1.00,4.67,0.83,1.00,3.64,0.24,1.00,5.06
9,18,261,18.13,1.00,26.74,1.00,-9999.00,-9999.00,-9999.00,-9999.00,0.00,38.67,26.30,1.00,109.73,1.00,4.30,4.84,-3.21,1.00,7.51,-3.15,1.00,7.99,-2.77,1.00,7.07,-3.21,1.00,8.05
9,19,262,18.97,1.00,27.64,1.00,-9999.00,-9999.00,-9999.00,-9999.00,0.00,38.66,30.72,1.00,102.75,1.00,4.46,4.81,-2.52,1.00,6.98,-3.14,1.00,7.96,-2.13,1.00,6.59,-3.09,1.00,7.90
9,20,263,20.81,1.00,28.20,1.00,-9999.00,-9999.00,-9999.00,-9999.00,0.00,38.63,35.91,1.00,101.40,1.00,4.37,4.67,-2.12,1.00,6.49,-2.47,1.00,7.15,-1.64,1.00,6.01,-2.09,1.00,6.76
9,21,264,17.95,1.00,27.47,1.00,-9999.00,-9999.00,-9999.00,-9999.00,0.00,38.61,22.33,1.00,110.27,1.00,3.74,4.02,2.98,1.00,0.76,3.13,1.00,0.89,3.03,1.00,0.71,3.13,1.00,0.89
9,22,265,20.14,1.00,27.52,1.00,-9999.00,-9999.00,-9999.00,-9999.00,0.00,38.60,34.20,1.00,98.83,1.00,2.80,3.58,-0.63,1.00,3.43,-3.33,1.00,6.91,-0.90,1.00,3.70,-3.27,1.00,6.85
9,23,266,17.34,1.00,27.46,1.00,-9999.00,-9999.00,-9999.00,-9999.00,0.00,38.57,24.25,1.00,96.07,1.00,2.65,3.36,-0.07,1.00,2.72,-1.18,1.00,4.54,-0.53,1.00,3.19,-0.90,1.00,4.25
9,24,267,20.04,1.00,27.55,1.00,-9999.00,-9999.00,-9999.00,-9999.00,0.00,38.54,48.13,1.00,136.70,1.00,2.38,3.08,-0.27,1.00,2.65,-2.10,1.00,5.18,-0.96,1.00,3.34,-1.96,1.00,5.04
9,25,268,21.41,1.00,27.52,1.00,-9999.00,-9999.00,-9999.00,-9999.00,0.51,38.51,36.55,1.00,103.43,1.00,1.62,2.73,-1.98,1.00,3.60,-5.13,1.00,7.86,-3.41,1.00,5.04,-4.22,1.00,6.95
9,26,269,22.63,1.00,27.80,1.00,-9999.00,-9999.00,-9999.00,-9999.00,0.00,38.48,48.35,1.00,102.53,1.00,1.13,2.40,-1.45,0.90,2.58,-2.05,0.92,4.45,-1.64,1.00,2.77,-1.22,1.00,3.62
9,27,270,20.49,1.00,27.80,1.00,-9999.00,-9999.00,-9999.00,-9999.00,0.00,38.45,33.73,1.00,118.91,1.00,0.30,1.53,-0.20,0.90,0.51,-2.18,1.00,3.70,-1.87,1.00,2.18,-1.28,1.00,2.81
9,28,271,18.03,1.00,27.37,1.00,-9999.00,-9999.00,-9999.00,-9999.00,0.00,38.42,26.66,1.00,112.42,1.00,1.25,0.34,-0.69,0.94,1.95,-2.27,1.00,2.61,-1.71,1.00,2.96,-1.82,1.00,2.16
9,29,272,18.64,1.00,26.84,1.00,-9999.00,-9999.00,-9999.00,-9999.00,0.00,38.39,36.25,1.00,104.99,1.00,2.43,1.21,-1.75,1.00,4.18,-2.61,1.00,3.82,-1.67,1.00,4.09,-2.51,1.00,3.72
9,30,273,19.95,1.00,26.71,1.00,-9999.00,-9999.00,-9999.00,-9999.00,0.00,38.37,53.13,1.00,117.75,1.00,3.62,2.39,-2.62,0.98,6.23,-2.96,0.98,5.35,-1.60,1.00,5.22,-2.25,1.00,4.64
10,1,274,18.43,1.00,26.20,1.00,-9999.00,-9999.00,-9999.00,-9999.00,2.41,38.37,31.96,1.00,100.70,1.00,4.22,3.29,-2.68,1.00,6.90,-3.07,1.00,6.36,-1.45,1.00,5.66,-2.65,1.00,5.94
10,2,275,20.89,1.00,27.00,1.00,-9999.00,-9999.00,-9999.00,-9999.00,0.00,38.42,34.56,1.00,128.38,1.00,2.64,3.20,-2.33,1.00,4.97,-2.57,1.00,5.77,-2.15,1.00,4.79,-2.45,1.00,5.66
10,3,276,21.94,1.00,27.47,1.00,-9999.00,-9999.00,-9999.00,-9999.00,0.00,38.40,51.05,1.00,120.20,1.00,3.89,3.70,-2.64,1.00,6.53,-2.96,1.00,6.66,-2.38,1.00,6.27,-2.19,1.00,5.89
10,4,277,23.28,1.00,27.75,1.00,-9999.00,-9999.00,-9999.00,-9999.00,0.00,38.37,48.51,1.00,106.29,1.00,4.60,4.11,-2.40,0.94,7.00,-2.38,0.94,6.49,-1.40,1.00,6.00,-1.93,1.00,6.04
10,5,278,22.61,1.00,27.41,1.00,-9999.00,-9999.00,-9999.00,-9999.00,0.00,38.34,44.25,1.00,120.86,1.00,4.69,4.25,-3.61,1.00,8.30,-3.68,1.00,7.93,-3.60,1.00,8.29,-3.68,1.00,7.93
10,6,279,16.35,1.00,26.59,1.00,-9999.00,-9999.00,-9999.00,-9999.00,0.00,38.30,22.16,1.00,94.22,1.00,4.78,4.29,-1.42,0.98,6.19,-2.40,1.00,6.69,-0.79,1.00,5.57,-2.40,1.00,6.69
10,7,280,19.00,1.00,26.44,1.00,-9999.00,-9999.00,-9999.00,-9999.00,0.00,38.28,30.37,1.00,117.47,1.00,4.79,4.34,-2.58,1.00,7.36,-3.44,1.00,7.79,-2.50,1.00,7.28,-3.39,1.00,7.74
10,8,281,19.50,1.00,26.61,1.00,-9999.00,-9999.00,-9999.00,-9999.00,0.00,38.26,29.71,1.00,98.40,1.00,4.83,4.43,0.01,1.00,4.82,-0.43,1.00,4.86,-0.08,1.00,4.91,-0.41,1.00,4.83
10,9,282,18.21,1.00,26.56,1.00,-9999.00,-9999.00,-9999.00,-9999.00,0.00,38.25,31.15,1.00,101.63,1.00,4.88,4.50,-2.14,1.00,7.03,-2.54,1.00,7.03,-1.74,1.00,6.63,-2.98,1.00,7.48
10,10,283,17.66,1.00,26.36,1.00,-9999.00,-9999.00,-9999.00,-9999.00,0.00,38.20,24.91,1.00,85.45,1.00,5.39,4.85,-3.01,1.00,8.40,-3.19,1.00,8.05,-3.01,1.00,8.40,-3.14,1.00,7.99
10,11,284,17.92,1.00,26.39,1.00,-9999.00,-9999.00,-9999.00,-9999.00,0.00,38.17,31.61,1.00,99.78,1.00,5.58,5.00,-2.09,1.00,7.67,-2.52,1.00,7.53,-1.52,1.00,7.09,-2.93,1.00,7.93
10,12,285,19.32,1.00,26.54,1.00,-9999.00,-9999.00,-9999.00,-9999.00,2.54,38.17,50.70,1.00,101.75,1.00,5.86,5.04,-3.33,1.00,9.19,-4.46,1.00,9.50,-3.38,1.00,9.23,-4.37,1.00,9.41
10,13,286,17.63,1.00,26.14,1.00,-9999.00,-9999.00,-9999.00,-9999.00,0.00,38.24,31.80,1.00,120.87,1.00,5.84,4.68,-1.39,1.00,7.22,-2.51,1.00,7.18,-1.61,1.00,7.44,-2.43,1.00,7.11
10,14,287,13.83,1.00,25.62,1.00,-9999.00,-9999.00,-9999.00,-9999.00,0.00,38.21,19.66,1.00,85.34,1.00,5.82,4.37,-3.20,1.00,9.02,-4.16,1.00,8.53,-3.40,1.00,9.22,-4.16,1.00,8.53
10,15,288,18.60,1.00,26.68,1.00,-9999.00,-9999.00,-9999.00,-9999.00,0.00,38.20,36.08,1.00,108.39,1.00,6.26,4.63,-1.33,1.00,7.59,-1.81,1.00,6.45,-1.56,1.00,7.82,-1.86,1.00,6.50
10,16,289,19.47,1.00,26.91,1.00,-9999.00,-9999.00,-9999.00,-9999.00,0.00,38.17,37.04,1.00,107.80,1.00,6.58,4.75,-1.31,1.00,7.89,-2.42,1.00,7.17,-1.87,1.00,8.45,-2.42,1.00,7.17
10,17,290,15.41,1.00,26.37,1.00,-9999.00,-9999.00,-9999.00,-9999.00,0.00,38.15,29.16,1.00,85.32,1.00,6.73,4.76,-2.12,1.00,8.84,-3.60,1.00,8.36,-2.66,1.00,9.39,-3.60,1.00,8.36
10,18,291,15.06,1.00,25.63,1.00,-9999.00,-9999.00,-9999.00,-9999.00,0.00,38.14,25.31,1.00,98.39,1.00,6.35,4.71,-1.61,1.00,7.96,-2.63,1.00,7.34,-1.57,1.00,7.92,-2.63,1.00,7.34
10,19,292,13.35,1.00,24.88,1.00,-9999.00,-9999.00,-9999.00,-9999.00,0.00,38.13,31.45,1.00,94.53,1.00,5.93,4.53,-1.51,1.00,7.44,-2.06,1.00,6.59,-1.46,1.00,7.39,-2.28,1.00,6.81
10,20,293,14.41,1.00,25.50,1.00,-9999.00,-9999.00,-9999.00,-9999.00,1.52,38.13,11.32,1.00,78.97,1.00,5.88,4.67,-1.45,1.00,7.33,-1.64,1.00,6.31,-1.29,1.00,7.17,-1.74,1.00,6.41
10,21,294,17.46,1.00,26.12,1.00,-9999.00,-9999.00,-9999.00,-9999.00,0.00,38.15,33.77,1.00,89.72,1.00,6.25,5.19,-3.02,1.00,9.27,-4.02,1.00,9.21,-3.09,1.00,9.34,-4.02,1.00,9.21
10,22,295,16.80,1.00,26.60,1.00,-9999.00,-9999.00,-9999.00,-9999.00,0.00,38.13,44.63,1.00,93.20,1.00,6.33,5.29,-2.51,1.00,8.84,-3.14,1.00,8.43,-2.41,1.00,8.74,-3.45,1.00,8.74
10,23,296,15.94,1.00,26.79,1.00,-9999.00,-9999.00,-9999.00,-9999.00,0.00,38.10,28.81,1.00,88.63,1.00,5.12,5.00,-1.66,1.00,6.78,-2.30,1.00,7.29,-1.58,1.00,6.71,-2.38,1.00,7.37
10,24,297,19.68,1.00,25.90,1.00,-9999.00,-9999.00,-9999.00,-9999.00,0.76,38.08,42.68,1.00,115.71,1.00,4.90,4.72,-1.58,1.00,6.48,-2.13,1.00,6.85,-1.30,1.00,6.20,-2.13,1.00,6.85
10,25,298,18.03,1.00,26.90,1.00,-9999.00,-9999.00,-9999.00,-9999.00,0.25,38.06,51.47,1.00,96.74,1.00,4.99,4.85,-1.80,1.00,6.79,-2.03,1.00,6.88,-2.21,1.00,7.20,-2.24,1.00,7.09
10,26,299,19.88,1.00,27.46,1.00,-9999.00,-9999.00,-9999.00,-9999.00,0.00,38.05,40.29,1.00,106.60,1.00,5.08,4.60,-1.86,1.00,6.94,-2.18,1.00,6.77,-1.71,1.00,6.79,-2.18,1.00,6.77
10,27,300,19.62,1.00,27.16,1.00,-9999.00,-9999.00,-9999.00,-9999.00,0.00,38.03,42.44,1.00,114.72,1.00,5.01,4.33,-2.43,1.00,7.44,-3.06,1.00,7.39,-2.81,1.00,7.82,-3.06,1.00,7.39
10,28,301,18.56,1.00,26.96,1.00,-9999.00,-9999.00,-9999.00,-9999.00,0.00,37.99,35.75,1.00,94.18,1.00,4.72,4.15,-3.24,1.00,7.96,-3.23,1.00,7.38,-3.30,1.00,8.01,-3.23,1.00,7.38
10,29,302,18.52,1.00,27.06,1.00,-9999.00,-9999.00,-9999.00,-9999.00,0.00,37.96,31.67,1.00,86.09,1.00,4.59,4.07,-2.32,1.00,6.91,-3.42,1.00,7.50,-2.80,1.00,7.39,-3.40,1.00,7.47
10,30,303,14.62,1.00,26.84,1.00,-9999.00,-9999.00,-9999.00,-9999.00,0.00,37.93,18.51,1.00,89.64,1.00,4.97,4.57,-2.98,1.00,7.96,-3.54,1.00,8.11,-3.34,1.00,8.31,-3.54,1.00,8.11
10,31,304,13.09,1.00,26.36,1.00,-9999.00,-9999.00,-9999.00,-9999.00,0.00,37.91,21.73,1.00,85.12,1.00,5.35,4.70,-2.16,1.00,7.51,-2.91,1.00,7.61,-2.15,1.00,7.50,-2.91,1.00,7.61
11,1,305,15.39,1.00,27.00,1.00,-9999.00,-9999.00,-9999.00,-9999.00,0.00,37.90,32.86,1.00,84.44,1.00,5.52,4.90,-1.03,1.00,6.55,-1.69,1.00,6.59,-1.51,1.00,7.04,-1.85,1.00,6.75
11,2,306,19.84,1.00,28.06,1.00,-9999.00,-9999.00,-9999.00,-9999.00,0.63,37.88,51.43,1.00,83.03,1.00,5.94,5.50,0.99,1.00,4.95,3.59,1.00,1.91,0.52,1.00,5.42,3.58,1.00,1.92
11,3,307,7.62,1.00,25.49,1.00,-9999.00,-9999.00,-9999.00,-9999.00,55.75,41.36,1.22,1.00,55.92,1.00,5.66,5.72,2.21,1.00,3.45,1.63,1.00,4.09,2.76,1.00,2.90,0.72,1.00,5.00
11,4,308,16.07,1.00,26.19,1.00,-9999.00,-9999.00,-9999.00,-9999.00,0.00,41.45,29.91,1.00,94.86,1.00,5.97,6.69,-1.07,1.00,7.04,-1.54,1.00,8.23,-1.15,1.00,7.12,-3.31,1.00,10.01
11,5,309,15.28,1.00,24.28,1.00,-9999.00,-9999.00,-9999.00,-9999.00,8.26,42.97,28.87,1.00,93.56,1.00,6.70,6.90,-0.43,1.00,7.14,-0.30,1.00,7.20,0.38,1.00,6.33,-1.83,1.00,8.73
11,6,310,14.69,1.00,24.85,1.00,-9999.00,-9999.00,-9999.00,-9999.00,0.00,45.51,33.95,1.00,110.04,1.00,8.60,7.31,-0.68,1.00,9.28,-2.08,1.00,9.39,-1.03,1.00,9.63,-2.85,1.00,10.16
11,7,311,19.95,1.00,26.84,1.00,-9999.00,-9999.00,-9999.00,-9999.00,0.00,44.78,55.61,1.00,125.20,1.00,8.73,8.14,-0.54,1.00,9.27,-0.95,1.00,9.09,-3.00,1.00,11.73,-3.49,1.00,11.63
11,8,312,8.53,1.00,24.24,1.00,-9999.00,-9999.00,-9999.00,-9999.00,35.31,45.23,9.09,1.00,56.94,1.00,8.19,6.75,2.74,1.00,5.44,1.64,1.00,5.11,1.95,1.00,6.24,0.87,1.00,5.87
11,9,313,5.80,1.00,21.71,1.00,-9999.00,-9999.00,-9999.00,-9999.00,36.45,46.11,-3.62,1.00,38.28,1.00,7.74,5.69,4.49,1.00,3.25,2.36,1.00,3.33,6.24,1.00,1.50,1.10,1.00,4.58
11,10,314,17.67,1.00,24.87,1.00,-9999.00,-9999.00,-9999.00,-9999.00,0.00,45.42,30.10,1.00,130.64,1.00,8.60,5.31,-0.49,1.00,9.09,-0.65,1.00,5.97,0.22,1.00,8.37,-0.93,1.00,6.24
11,11,315,17.49,1.00,26.71,1.00,-9999.00,-9999.00,-9999.00,-9999.00,0.00,44.87,29.24,1.00,87.58,1.00,8.69,5.31,0.65,1.00,8.05,-0.48,1.00,5.79,-0.94,1.00,9.63,-1.59,1.00,6.90
11,12,316,16.67,1.00,26.86,1.00,-9999.00,-9999.00,-9999.00,-9999.00,0.00,44.46,35.58,1.00,145.52,1.00,8.53,5.30,-0.25,1.00,8.78,-2.69,1.00,8.00,-0.74,1.00,9.27,-2.82,1.00,8.13
11,13,317,15.65,1.00,26.97,1.00,-9999.00,-9999.00,-9999.00,-9999.00,0.00,44.11,20.78,1.00,109.91,1.00,7.60,5.03,-1.31,1.00,8.91,-2.75,1.00,7.78,-2.60,1.00,10.20,-3.66,1.00,8.69
11,14,318,16.30,1.00,26.74,1.00,-9999.00,-9999.00,-9999.00,-9999.00,0.00,43.80,22.56,1.00,113.15,1.00,6.57,4.18,-1.01,1.00,7.59,-4.00,1.00,8.19,-1.60,1.00,8.18,-4.29,1.00,8.48
11,15,319,17.42,1.00,27.04,1.00,-9999.00,-9999.00,-9999.00,-9999.00,0.00,43.50,35.74,1.00,110.37,1.00,6.95,3.65,-1.42,1.00,8.37,-2.48,1.00,6.13,-3.19,1.00,10.14,-3.10,1.00,6.75
11,16,320,17.44,1.00,27.70,1.00,-9999.00,-9999.00,-9999.00,-9999.00,0.00,43.22,34.07,1.00,132.21,1.00,6.66,3.86,-0.00,1.00,6.66,-1.91,1.00,5.77,-1.88,1.00,8.53,-3.11,1.00,6.97
11,17,321,16.36,1.00,27.23,1.00,-9999.00,-9999.00,-9999.00,-9999.00,0.00,42.93,25.26,1.00,103.29,1.00,5.78,3.60,-1.24,1.00,7.02,-1.93,1.00,5.53,-2.92,1.00,8.70,-2.74,1.00,6.34
11,18,322,14.42,1.00,26.47,1.00,-9999.00,-9999.00,-9999.00,-9999.00,0.00,42.74,36.57,1.00,206.80,1.00,5.42,4.18,0.21,1.00,5.20,-2.46,1.00,6.64,-0.97,1.00,6.39,-2.76,1.00,6.94
11,19,323,15.83,1.00,26.44,1.00,-9999.00,-9999.00,-9999.00,-9999.00,0.00,42.60,33.58,1.00,246.03,1.00,5.67,4.11,-0.75,1.00,6.42,-2.70,1.00,6.81,-1.74,1.00,7.40,-3.26,1.00,7.37
11,20,324,15.76,1.00,26.53,1.00,-9999.00,-9999.00,-9999.00,-9999.00,0.00,42.29,33.58,1.00,246.03,1.00,5.73,3.63,-1.03,1.00,6.76,-2.74,1.00,6.37,-1.79,1.00,7.52,-3.19,1.00,6.82
11,21,325,15.40,1.00,26.48,1.00,-9999.00,-9999.00,-9999.00,-9999.00,0.00,42.00,33.58,1.00,246.03,1.00,5.71,2.27,-0.90,1.00,6.61,-1.90,1.00,4.17,-1.67,1.00,7.37,-3.11,1.00,5.37
11,22,326,15.82,1.00,26.61,1.00,-9999.00,-9999.00,-9999.00,-9999.00,0.00,41.70,33.58,1.00,246.03,1.00,5.72,2.63,-1.16,1.00,6.89,-1.81,1.00,4.45,-1.86,1.00,7.58,-3.19,1.00,5.82
11,23,327,16.40,1.00,26.90,1.00,-9999.00,-9999.00,-9999.00,-9999.00,0.00,41.35,33.58,1.00,246.03,1.00,5.78,3.31,-2.11,1.00,7.88,-2.41,1.00,5.72,-2.10,1.00,7.88,-3.19,1.00,6.49
11,24,328,16.36,1.00,27.03,1.00,-9999.00,-9999.00,-9999.00,-9999.00,0.00,41.03,33.58,1.00,246.03,1.00,5.79,3.97,-1.93,0.98,7.73,-2.22,1.00,6.19,-2.18,1.00,7.97,-3.14,1.00,7.11
11,25,329,15.41,1.00,26.75,1.00,-9999.00,-9999.00,-9999.00,-9999.00,0.00,40.51,18.84,1.00,161.06,1.00,5.73,4.63,-1.16,0.98,6.89,-1.81,0.98,6.44,-1.62,1.00,7.35,-2.85,1.00,7.48
11,26,330,16.14,1.00,26.99,1.00,-9999.00,-9999.00,-9999.00,-9999.00,0.00,40.12,20.43,1.00,101.41,1.00,5.84,5.58,-1.02,0.96,6.86,-1.39,0.96,6.97,-2.05,1.00,7.88,-2.91,1.00,8.49
11,27,331,18.64,1.00,27.58,1.00,-9999.00,-9999.00,-9999.00,-9999.00,0.00,39.86,28.01,1.00,118.73,1.00,5.93,5.65,-1.68,1.00,7.61,-2.23,1.00,7.88,-3.18,1.00,9.11,-3.64,1.00,9.29
11,28,332,17.83,1.00,27.69,1.00,-9999.00,-9999.00,-9999.00,-9999.00,0.00,39.64,17.56,1.00,105.68,1.00,5.82,5.91,-2.27,0.98,8.08,-1.66,0.98,7.57,-2.20,1.00,8.01,-2.20,1.00,8.12
11,29,333,13.77,1.00,26.84,1.00,-9999.00,-9999.00,-9999.00,-9999.00,0.00,39.48,8.05,1.00,86.79,1.00,6.18,5.79,-1.85,1.00,8.02,-1.79,1.00,7.58,-2.37,1.00,8.55,-1.84,1.00,7.63
11,30,334,14.63,1.00,26.74,1.00,-9999.00,-9999.00,-9999.00,-9999.00,0.00,39.36,8.07,1.00,80.07,1.00,6.22,5.65,-1.21,1.00,7.43,-2.00,1.00,7.65,-1.57,1.00,7.79,-2.11,1.00,7.76
12,1,335,16.09,1.00,27.10,1.00,-9999.00,-9999.00,-9999.00,-9999.00,0.25,39.26,19.91,1.00,87.85,1.00,6.06,5.70,-0.72,1.00,6.79,-1.52,1.00,7.22,-2.35,1.00,8.42,-2.03,1.00,7.73
12,2,336,17.31,1.00,27.39,1.00,-9999.00,-9999.00,-9999.00,-9999.00,0.00,39.17,20.79,1.00,99.00,1.00,6.14,5.46,0.89,1.00,5.25,-0.43,1.00,5.89,-0.17,1.00,6.32,-0.69,1.00,6.15
12,3,337,13.21,1.00,26.70,1.00,-9999.00,-9999.00,-9999.00,-9999.00,0.00,39.10,15.60,1.00,91.41,1.00,6.35,5.13,-1.24,1.00,7.59,-1.90,1.00,7.03,-1.94,1.00,8.29,-2.03,1.00,7.16
12,4,338,13.19,1.00,25.96,1.00,-9999.00,-9999.00,-9999.00,-9999.00,3.30,39.05,14.00,1.00,86.69,1.00,6.51,4.99,-1.70,1.00,8.21,-2.29,1.00,7.28,-1.83,1.00,8.34,-2.29,1.00,7.28
12,5,339,16.92,1.00,26.81,1.00,-9999.00,-9999.00,-9999.00,-9999.00,0.00,39.11,22.15,1.00,104.72,1.00,6.78,5.21,-1.44,1.00,8.22,-1.55,1.00,6.76,-2.40,1.00,9.18,-1.86,1.00,7.07
12,6,340,17.56,1.00,27.42,1.00,-9999.00,-9999.00,-9999.00,-9999.00,0.00,39.06,31.82,1.00,120.18,1.00,6.95,4.91,-1.62,1.00,8.57,-3.53,1.00,8.43,-2.64,1.00,9.59,-3.87,1.00,8.78
12,7,341,17.48,1.00,27.58,1.00,-9999.00,-9999.00,-9999.00,-9999.00,0.00,38.97,36.64,1.00,115.03,1.00,6.85,4.70,-1.60,1.00,8.45,-1.97,1.00,6.68,-2.34,1.00,9.19,-2.18,1.00,6.88
12,8,342,7.27,1.00,25.48,1.00,-9999.00,-9999.00,-9999.00,-9999.00,0.76,38.92,6.56,1.00,44.13,1.00,6.55,4.21,0.17,1.00,6.38,-2.36,1.00,6.56,0.44,1.00,6.11,-2.45,1.00,6.66
12,9,343,13.85,1.00,26.12,1.00,-9999.00,-9999.00,-9999.00,-9999.00,0.00,38.93,-1.70,1.00,1.37,1.00,7.80,4.37,-1.32,1.00,9.12,-2.37,1.00,6.74,-1.64,1.00,9.44,-3.14,1.00,7.52
12,10,344,4.01,1.00,23.39,1.00,-9999.00,-9999.00,-9999.00,-9999.00,44.70,44.42,-5.98,1.00,30.63,1.00,7.26,4.23,2.84,1.00,4.42,0.31,1.00,3.92,3.88,1.00,3.38,0.35,1.00,3.87
12,11,345,12.05,1.00,25.36,1.00,-9999.00,-9999.00,-9999.00,-9999.00,1.02,45.34,11.67,1.00,93.20,1.00,7.48,4.86,-0.83,1.00,8.31,-2.06,1.00,6.92,-0.29,1.00,7.77,-2.01,1.00,6.87
12,12,346,15.62,1.00,26.17,1.00,-9999.00,-9999.00,-9999.00,-9999.00,0.51,44.79,26.84,1.00,118.32,1.00,6.97,4.57,-0.63,1.00,7.60,-0.73,1.00,5.30,-1.13,1.00,8.10,-1.07,1.00,5.65
12,13,347,14.34,1.00,26.40,1.00,-9999.00,-9999.00,-9999.00,-9999.00,0.00,44.35,24.33,1.00,124.39,1.00,7.25,4.08,-0.18,0.94,7.43,-0.84,0.94,4.92,-2.52,1.00,9.77,-2.19,1.00,6.27
12,14,348,15.22,1.00,27.20,1.00,-9999.00,-9999.00,-9999.00,-9999.00,0.00,43.99,20.90,1.00,105.25,1.00,7.71,5.36,-0.45,0.98,8.16,-1.33,0.98,6.69,-2.86,1.00,10.57,-2.65,1.00,8.01
12,15,349,14.76,1.00,26.82,1.00,-9999.00,-9999.00,-9999.00,-9999.00,1.78,43.65,17.67,1.00,110.79,1.00,7.82,6.63,0.04,0.98,7.78,-0.70,0.98,7.33,-1.82,1.00,9.64,-1.86,1.00,8.49
12,16,350,16.47,1.00,27.06,1.00,-9999.00,-9999.00,-9999.00,-9999.00,0.00,43.39,19.92,1.00,129.29,1.00,8.01,7.69,-0.15,0.96,8.16,-1.30,0.96,8.99,-1.92,1.00,9.93,-2.43,1.00,10.12
12,17,351,15.54,1.00,26.24,1.00,-9999.00,-9999.00,-9999.00,-9999.00,5.08,43.13,13.08,1.00,128.12,1.00,8.31,8.48,-0.09,1.00,8.40,-0.94,1.00,9.42,0.54,1.00,7.78,-1.21,1.00,9.69
12,18,352,9.99,1.00,25.65,1.00,-9999.00,-9999.00,-9999.00,-9999.00,0.00,43.39,2.64,1.00,67.48,1.00,8.57,8.30,0.68,1.00,7.90,0.19,1.00,8.11,-0.39,1.00,8.96,0.15,1.00,8.15
12,19,353,9.86,1.00,23.90,1.00,-9999.00,-9999.00,-9999.00,-9999.00,4.06,43.45,10.38,1.00,81.62,1.00,8.15,7.62,1.53,1.00,6.62,1.52,1.00,6.10,1.97,1.00,6.18,1.36,1.00,6.26
12,20,354,15.37,1.00,25.25,1.00,-9999.00,-9999.00,-9999.00,-9999.00,0.00,43.68,19.60,1.00,120.73,1.00,8.06,7.85,0.01,1.00,8.04,1.42,1.00,6.44,-0.11,1.00,8.16,1.18,1.00,6.68
12,21,355,14.36,1.00,25.23,1.00,-9999.00,-9999.00,-9999.00,-9999.00,4.57,43.50,26.25,1.00,107.05,1.00,7.62,8.01,2.41,1.00,5.21,1.39,1.00,6.61,2.52,1.00,5.10,0.71,1.00,7.29
12,22,356,14.12,1.00,25.64,1.00,-9999.00,-9999.00,-9999.00,-9999.00,0.13,44.10,14.03,0.98,101.22,0.98,7.80,8.00,0.71,0.98,7.09,-0.09,0.98,8.09,0.16,1.00,7.64,-0.60,1.00,8.60
12,23,357,12.81,1.00,25.09,1.00,-9999.00,-9999.00,-9999.00,-9999.00,0.00,44.06,13.16,1.00,105.05,1.00,7.88,6.71,0.16,1.00,7.72,-0.48,1.00,7.19,0.41,1.00,7.47,-0.48,1.00,7.19
12,24,358,16.16,1.00,26.36,1.00,-9999.00,-9999.00,-9999.00,-9999.00,0.00,43.71,19.37,1.00,117.12,1.00,8.23,5.85,-0.62,1.00,8.86,-1.79,1.00,7.64,-1.71,1.00,9.94,-2.10,1.00,7.96
12,25,359,13.91,1.00,26.17,1.00,-9999.00,-9999.00,-9999.00,-9999.00,0.00,43.32,26.71,1.00,102.43,1.00,7.85,4.99,0.65,1.00,7.20,-0.15,1.00,5.14,-0.24,1.00,8.09,-1.02,1.00,6.02
12,26,360,14.40,1.00,25.78,1.00,-9999.00,-9999.00,-9999.00,-9999.00,0.00,42.96,-3.42,1.00,1.67,1.00,7.25,5.14,0.30,0.98,6.94,-0.57,0.98,5.71,-0.19,1.00,7.43,-1.36,1.00,6.49
12,27,361,13.31,1.00,25.95,1.00,-9999.00,-9999.00,-9999.00,-9999.00,0.00,42.61,16.27,1.00,97.30,1.00,6.54,5.24,1.11,1.00,5.43,-1.15,1.00,6.39,-0.31,1.00,6.85,-1.62,1.00,6.86
12,28,362,15.20,1.00,25.87,1.00,-9999.00,-9999.00,-9999.00,-9999.00,0.00,42.25,19.81,1.00,110.61,1.00,6.63,5.09,-1.39,1.00,8.03,-1.73,1.00,6.81,-1.25,1.00,7.88,-1.77,1.00,6.85
12,29,363,14.31,1.00,26.13,1.00,-9999.00,-9999.00,-9999.00,-9999.00,0.00,41.85,16.11,1.00,104.00,1.00,6.46,5.61,-0.45,1.00,6.91,-0.11,1.00,5.72,-0.70,1.00,7.16,-0.51,1.00,6.12
12,30,364,11.37,1.00,25.31,1.00,-9999.00,-9999.00,-9999.00,-9999.00,0.19,41.46,12.39,1.00,93.69,1.00,3.51,7.52,0.30,1.00,3.21,0.87,1.00,6.65,0.13,1.00,3.37,0.79,1.00,6.72
12,31,365,14.25,0.98,25.81,0.98,-9999.00,-9999.00,-9999.00,-9999.00,0.06,41.16,22.67,0.98,93.32,0.98,1.79,7.96,-0.00,0.96,1.79,-0.09,0.96,8.05,-0.30,0.96,2.10,-0.26,0.96,8.22
