Period,n_days,Rg_f,Rg_sqc,Ta_f,Ta_sqc,VPD_f,VPD_sqc,Ts_f,Ts_sqc,Precip,SWC,H_f,H_sqc,LE_f,LE_sqc,Reco_st,Reco_or,NEE_st_fMDS,NEE_st_fMDSsqc,GPP_st_MDS,NEE_or_fMDS,NEE_or_fMDSsqc,GPP_or_MDS,NEE_st_fANN,NEE_st_fANNsqc,GPP_st_ANN,NEE_or_fANN,NEE_or_fANNsqc,GPP_or_ANN
1,8,14.65,1.00,25.52,1.00,-9999.00,-9999.00,-9999.00,-9999.00,0.81,43.24,37.10,1.00,80.15,1.00,7.04,4.79,-0.33,1.00,7.37,-1.10,1.00,5.89,-0.31,1.00,7.35,-1.67,1.00,6.45
2,8,12.68,1.00,25.22,1.00,-9999.00,-9999.00,-9999.00,-9999.00,10.76,45.38,26.01,1.00,82.51,1.00,10.96,7.13,2.95,1.00,8.01,0.63,1.00,6.50,0.92,1.00,10.04,0.18,1.00,6.95
3,8,15.39,1.00,25.63,1.00,-9999.00,-9999.00,-9999.00,-9999.00,9.43,45.49,30.25,1.00,89.58,1.00,13.89,7.06,3.97,1.00,9.91,0.11,1.00,6.95,2.04,1.00,11.85,0.16,1.00,6.90
4,8,16.10,1.00,26.24,1.00,-9999.00,-9999.00,-9999.00,-9999.00,2.22,44.27,25.93,1.00,97.07,1.00,10.62,8.07,1.48,1.00,9.14,0.45,1.00,7.62,1.15,1.00,9.47,0.27,1.00,7.80
5,8,17.12,1.00,25.93,1.00,-9999.00,-9999.00,-9999.00,-9999.00,4.58,44.86,29.13,1.00,108.45,1.00,9.96,7.53,0.80,1.00,9.16,-0.40,1.00,7.93,0.86,1.00,9.10,-0.47,1.00,8.00
6,8,14.82,1.00,25.01,1.00,-9999.00,-9999.00,-9999.00,-9999.00,3.94,45.29,24.80,1.00,95.45,1.00,11.74,8.98,1.51,1.00,10.23,0.10,1.00,8.89,1.21,1.00,10.53,-0.04,1.00,9.02
7,8,17.99,1.00,26.20,1.00,-9999.00,-9999.00,-9999.00,-9999.00,4.97,45.71,32.83,1.00,109.07,1.00,14.29,9.40,2.76,1.00,11.53,0.89,1.00,8.51,1.71,1.00,12.58,0.60,1.00,8.80
8,8,14.09,1.00,25.09,1.00,-9999.00,-9999.00,-9999.00,-9999.00,2.71,44.24,18.26,1.00,87.28,1.00,11.11,8.86,1.83,1.00,9.28,0.34,1.00,8.51,1.24,1.00,9.86,0.23,1.00,8.63
9,8,15.57,1.00,25.06,1.00,-9999.00,-9999.00,-9999.00,-9999.00,2.89,45.41,25.84,1.00,101.84,1.00,10.85,8.87,1.51,1.00,9.34,0.40,1.00,8.47,1.72,1.00,9.13,0.43,1.00,8.44
10,8,16.67,1.00,25.23,1.00,-9999.00,-9999.00,-9999.00,-9999.00,2.91,45.06,27.86,1.00,109.24,1.00,12.08,9.40,2.00,1.00,10.08,0.57,1.00,8.83,1.77,1.00,10.31,0.54,1.00,8.87
11,8,14.00,1.00,24.55,1.00,-9999.00,-9999.00,-9999.00,-9999.00,4.92,45.74,16.46,1.00,92.01,1.00,12.47,9.41,1.34,1.00,11.13,-0.20,1.00,9.61,1.31,1.00,11.16,-0.22,1.00,9.63
12,8,12.22,1.00,24.24,1.00,-9999.00,-9999.00,-9999.00,-9999.00,8.92,46.14,13.90,1.00,79.22,1.00,12.23,9.21,3.05,1.00,9.18,0.80,1.00,8.41,2.88,1.00,9.35,0.86,1.00,8.35
13,8,17.13,1.00,24.89,1.00,-9999.00,-9999.00,-9999.00,-9999.00,1.30,45.74,28.78,1.00,99.00,1.00,13.76,9.41,1.95,1.00,11.81,0.26,1.00,9.15,1.28,1.00,12.48,0.07,1.00,9.34
14,8,14.88,1.00,24.64,1.00,-9999.00,-9999.00,-9999.00,-9999.00,9.79,45.91,17.26,1.00,87.77,1.00,11.72,9.14,2.44,1.00,9.28,1.62,1.00,7.52,2.41,1.00,9.32,1.43,1.00,7.71
15,8,13.30,1.00,24.91,1.00,-9999.00,-9999.00,-9999.00,-9999.00,6.36,45.69,18.21,1.00,89.79,1.00,9.61,8.00,0.94,1.00,8.66,-0.18,1.00,8.18,0.61,1.00,9.00,-0.19,1.00,8.19
16,8,14.05,0.98,25.14,1.00,-9999.00,-9999.00,-9999.00,-9999.00,2.38,45.09,18.82,0.98,91.01,0.98,9.51,6.69,0.71,0.95,8.80,-0.34,0.95,7.03,1.48,1.00,8.03,-0.09,1.00,6.78
17,8,14.81,0.98,25.43,1.00,-9999.00,-9999.00,-9999.00,-9999.00,3.29,45.50,16.80,0.99,92.24,0.99,10.51,6.58,1.46,1.00,9.05,-0.76,1.00,7.34,0.26,1.00,10.25,-0.70,1.00,7.29
18,8,13.94,0.99,25.32,1.00,-9999.00,-9999.00,-9999.00,-9999.00,2.91,45.26,15.99,0.99,90.38,0.99,11.99,6.83,0.96,1.00,11.03,-0.93,1.00,7.76,-0.02,1.00,12.01,-1.08,1.00,7.91
19,8,16.66,1.00,25.15,1.00,-9999.00,-9999.00,-9999.00,-9999.00,5.89,45.42,23.26,1.00,93.97,1.00,9.77,7.63,0.97,1.00,8.80,-0.08,1.00,7.71,1.18,1.00,8.59,-0.30,1.00,7.93
20,8,15.42,1.00,24.72,1.00,-9999.00,-9999.00,-9999.00,-9999.00,4.06,45.24,23.21,1.00,89.61,1.00,7.84,7.61,0.59,1.00,7.25,0.08,1.00,7.53,1.40,1.00,6.44,-0.17,1.00,7.78
21,8,17.54,1.00,25.18,1.00,-9999.00,-9999.00,-9999.00,-9999.00,6.54,45.37,25.67,1.00,105.42,1.00,5.92,5.49,-0.38,1.00,6.30,0.04,1.00,5.45,1.39,1.00,4.53,0.09,1.00,5.40
22,8,17.27,1.00,25.59,1.00,-9999.00,-9999.00,-9999.00,-9999.00,3.54,45.45,26.09,1.00,113.07,1.00,6.62,5.30,0.30,1.00,6.32,-0.45,1.00,5.74,1.04,1.00,5.58,-0.48,1.00,5.78
23,8,17.07,1.00,25.86,1.00,-9999.00,-9999.00,-9999.00,-9999.00,4.11,45.31,20.26,1.00,105.85,1.00,9.80,6.56,1.51,1.00,8.29,0.06,1.00,6.50,1.41,1.00,8.39,-0.14,1.00,6.70
24,8,18.98,1.00,26.32,1.00,-9999.00,-9999.00,-9999.00,-9999.00,1.49,44.59,25.37,1.00,112.36,1.00,8.06,5.80,1.94,1.00,6.12,0.69,1.00,5.10,1.65,1.00,6.41,0.54,1.00,5.25
25,8,18.53,1.00,26.00,1.00,-9999.00,-9999.00,-9999.00,-9999.00,0.19,43.61,25.50,1.00,106.69,1.00,7.45,6.58,1.55,1.00,5.89,0.82,1.00,5.76,1.69,1.00,5.76,0.73,1.00,5.86
26,8,17.77,1.00,26.32,1.00,-9999.00,-9999.00,-9999.00,-9999.00,1.83,42.34,25.59,1.00,105.41,1.00,6.62,6.24,0.26,1.00,6.36,0.45,1.00,5.79,0.59,1.00,6.03,0.41,1.00,5.83
27,8,18.30,1.00,25.91,1.00,-9999.00,-9999.00,-9999.00,-9999.00,0.52,44.00,26.52,1.00,101.35,1.00,5.62,5.29,-0.29,1.00,5.90,-0.60,1.00,5.89,0.40,1.00,5.21,-0.64,1.00,5.93
28,8,19.52,1.00,26.34,1.00,-9999.00,-9999.00,-9999.00,-9999.00,0.00,41.98,26.94,1.00,110.84,1.00,4.34,4.36,-0.58,1.00,4.92,-1.14,1.00,5.51,-0.09,1.00,4.44,-1.07,1.00,5.43
29,8,18.37,1.00,26.19,1.00,-9999.00,-9999.00,-9999.00,-9999.00,0.10,40.05,25.00,1.00,110.01,1.00,5.98,5.44,-1.09,1.00,7.07,-1.67,1.00,7.11,-0.32,1.00,6.31,-1.88,1.00,7.32
30,8,19.29,1.00,26.74,1.00,-9999.00,-9999.00,-9999.00,-9999.00,0.03,39.34,29.08,1.00,115.99,1.00,5.50,4.85,-0.07,1.00,5.57,-0.94,1.00,5.78,0.35,1.00,5.16,-1.08,1.00,5.93
31,8,19.94,1.00,26.83,1.00,-9999.00,-9999.00,-9999.00,-9999.00,0.00,39.05,34.09,1.00,115.73,1.00,6.21,4.89,-2.31,1.00,8.52,-2.05,1.00,6.93,-1.49,1.00,7.70,-1.65,1.00,6.54
32,8,19.25,1.00,27.05,1.00,-9999.00,-9999.00,-9999.00,-9999.00,0.03,38.87,33.06,1.00,102.94,1.00,6.80,4.80,-4.34,0.97,11.14,-1.83,0.98,6.63,-0.81,1.00,7.61,-1.11,1.00,5.91
33,8,18.45,1.00,27.50,1.00,-9999.00,-9999.00,-9999.00,-9999.00,0.00,38.69,25.21,1.00,108.50,1.00,4.78,5.30,-0.50,1.00,5.28,-0.96,1.00,6.25,-0.77,1.00,5.55,-0.89,1.00,6.19
34,8,19.84,1.00,27.48,1.00,-9999.00,-9999.00,-9999.00,-9999.00,0.06,38.49,36.01,1.00,109.24,1.00,1.82,2.28,-0.88,0.97,2.70,-2.61,0.99,4.88,-1.59,1.00,3.41,-2.15,1.00,4.43
35,8,20.31,1.00,26.95,1.00,-9999.00,-9999.00,-9999.00,-9999.00,0.30,38.36,39.50,1.00,113.23,1.00,4.15,3.70,-2.53,0.99,6.69,-2.93,0.99,6.63,-1.98,1.00,6.14,-2.62,1.00,6.32
36,8,17.83,1.00,26.36,1.00,-9999.00,-9999.00,-9999.00,-9999.00,0.32,38.21,31.96,1.00,100.20,1.00,5.56,4.69,-2.06,1.00,7.62,-2.70,1.00,7.39,-2.04,1.00,7.59,-2.79,1.00,7.47
37,8,15.99,1.00,26.10,1.00,-9999.00,-9999.00,-9999.00,-9999.00,0.19,38.14,30.19,1.00,92.07,1.00,6.15,4.86,-1.90,1.00,8.04,-2.73,1.00,7.59,-1.99,1.00,8.14,-2.81,1.00,7.68
38,8,17.75,1.00,26.83,1.00,-9999.00,-9999.00,-9999.00,-9999.00,0.13,38.00,35.57,1.00,98.60,1.00,4.95,4.50,-2.30,1.00,7.25,-2.81,1.00,7.31,-2.45,1.00,7.40,-2.84,1.00,7.33
39,8,14.67,1.00,25.87,1.00,-9999.00,-9999.00,-9999.00,-9999.00,12.49,42.13,30.37,1.00,88.00,1.00,6.91,6.49,0.27,1.00,6.64,0.04,1.00,6.45,-0.14,1.00,7.05,-1.02,1.00,7.51
40,8,15.55,1.00,26.08,1.00,-9999.00,-9999.00,-9999.00,-9999.00,4.56,44.44,25.56,1.00,108.46,1.00,7.67,4.79,0.08,1.00,7.59,-1.57,1.00,6.37,-0.56,1.00,8.23,-2.30,1.00,7.09
41,8,15.80,1.00,26.71,1.00,-9999.00,-9999.00,-9999.00,-9999.00,0.00,42.08,32.91,1.00,223.28,1.00,5.70,3.46,-1.11,1.00,6.81,-2.27,1.00,5.73,-1.90,1.00,7.60,-3.07,1.00,6.53
42,8,16.23,1.00,27.14,1.00,-9999.00,-9999.00,-9999.00,-9999.00,0.03,39.68,17.71,1.00,105.07,1.00,5.99,5.55,-1.13,0.99,7.12,-1.60,0.99,7.15,-1.94,1.00,7.93,-2.28,1.00,7.83
43,8,12.94,1.00,26.18,1.00,-9999.00,-9999.00,-9999.00,-9999.00,6.10,39.69,14.89,1.00,74.27,1.00,6.88,4.72,-0.74,1.00,7.62,-1.96,1.00,6.68,-1.06,1.00,7.94,-2.18,1.00,6.90
44,8,14.25,1.00,26.36,1.00,-9999.00,-9999.00,-9999.00,-9999.00,1.05,44.00,17.13,1.00,109.61,1.00,7.77,6.25,-0.20,0.98,7.97,-0.96,0.98,7.21,-1.30,1.00,9.06,-1.66,1.00,7.91
45,8,13.87,1.00,25.43,1.00,-9999.00,-9999.00,-9999.00,-9999.00,1.10,43.60,15.76,1.00,92.11,1.00,7.85,6.77,0.65,0.99,7.21,0.16,0.99,6.62,0.35,1.00,7.50,-0.29,1.00,7.06
46,5,13.69,1.00,25.82,1.00,-9999.00,-9999.00,-9999.00,-9999.00,0.05,41.86,17.45,1.00,99.78,1.00,4.99,6.28,-0.09,0.99,5.07,-0.44,0.99,6.73,-0.49,0.99,5.47,-0.67,0.99,6.95
