Month,Day,DoY,Rg_f,Rg_sqc,Ta_f,Ta_sqc,VPD_f,VPD_sqc,Ts_f,Ts_sqc,Precip,SWC,H_f,H_sqc,LE_f,LE_sqc,Reco_st,Reco_or,NEE_st_fMDS,NEE_st_fMDSsqc,GPP_st_MDS,NEE_or_fMDS,NEE_or_fMDSsqc,GPP_or_MDS,NEE_st_fANN,NEE_st_fANNsqc,GPP_st_ANN,NEE_or_fANN,NEE_or_fANNsqc,GPP_or_ANN
1,1,1,15.12,1.00,26.32,1.00,-9999.00,-9999.00,-9999.00,-9999.00,0.00,41.39,21.20,0.96,-8.61,1.00,5.13,4.79,-0.14,0.96,5.27,-0.33,0.96,5.12,-1.84,0.98,6.97,-1.60,0.98,6.38
1,2,2,15.73,1.00,25.54,1.00,-9999.00,-9999.00,-9999.00,-9999.00,0.00,41.43,29.68,1.00,94.26,1.00,5.13,4.67,-0.07,1.00,5.20,0.62,1.00,4.05,0.35,1.00,4.78,0.49,1.00,4.18
1,3,3,16.36,1.00,26.21,1.00,-9999.00,-9999.00,-9999.00,-9999.00,0.00,41.14,26.81,1.00,109.36,1.00,5.13,4.77,-0.59,1.00,5.72,-0.60,1.00,5.37,-1.21,1.00,6.34,-0.48,1.00,5.25
1,4,4,15.73,1.00,26.81,1.00,-9999.00,-9999.00,-9999.00,-9999.00,0.00,40.76,24.68,1.00,104.29,1.00,5.18,4.89,-0.70,1.00,5.88,-0.69,1.00,5.58,-1.86,1.00,7.04,-2.71,1.00,7.60
1,5,5,15.64,1.00,26.85,1.00,-9999.00,-9999.00,-9999.00,-9999.00,0.00,40.34,19.66,1.00,98.70,1.00,6.01,5.48,0.80,1.00,5.21,-0.16,1.00,5.64,-0.30,1.00,6.31,-0.95,1.00,6.43
1,6,6,16.25,1.00,27.19,1.00,-9999.00,-9999.00,-9999.00,-9999.00,0.00,39.94,24.94,1.00,106.79,1.00,6.18,5.53,0.27,0.96,5.91,-1.11,1.00,6.64,-1.09,1.00,7.27,-2.47,1.00,8.01
1,7,7,14.61,1.00,26.83,1.00,-9999.00,-9999.00,-9999.00,-9999.00,0.25,39.61,11.46,1.00,103.76,1.00,6.45,5.61,0.84,1.00,5.61,0.92,1.00,4.69,-1.22,1.00,7.68,-0.88,1.00,6.49
1,8,8,17.33,1.00,27.74,1.00,-9999.00,-9999.00,-9999.00,-9999.00,0.25,39.36,23.90,1.00,113.66,1.00,6.88,6.18,-0.21,1.00,7.08,-0.28,1.00,6.47,-2.88,1.00,9.76,-0.03,1.00,6.21
1,9,9,15.88,1.00,27.04,1.00,-9999.00,-9999.00,-9999.00,-9999.00,0.00,39.12,8.40,1.00,103.67,1.00,7.04,6.35,0.77,1.00,6.27,0.43,1.00,5.92,-0.39,1.00,7.43,0.09,1.00,6.25
1,10,10,14.91,1.00,26.46,1.00,-9999.00,-9999.00,-9999.00,-9999.00,0.00,38.98,8.82,1.00,87.45,1.00,7.11,6.37,-0.15,1.00,7.26,-2.14,1.00,8.51,-0.05,1.00,7.15,-2.14,1.00,8.51
1,11,11,14.66,1.00,25.81,1.00,-9999.00,-9999.00,-9999.00,-9999.00,1.02,38.89,9.95,1.00,97.58,1.00,7.58,6.45,-0.21,1.00,7.79,0.46,1.00,5.99,-0.23,1.00,7.81,0.47,1.00,5.98
1,12,12,18.91,1.00,27.09,1.00,-9999.00,-9999.00,-9999.00,-9999.00,0.00,38.84,31.87,1.00,131.52,1.00,8.05,6.94,0.56,1.00,7.49,-0.20,1.00,7.13,-1.58,1.00,9.63,-2.62,1.00,9.56
1,13,13,14.90,1.00,26.71,1.00,-9999.00,-9999.00,-9999.00,-9999.00,0.00,38.75,19.86,1.00,99.91,1.00,7.82,6.88,-0.37,0.92,8.20,-1.19,0.92,8.07,-2.47,1.00,10.29,-3.66,1.00,10.54
1,14,14,12.81,1.00,25.88,1.00,-9999.00,-9999.00,-9999.00,-9999.00,0.51,38.71,10.51,1.00,97.61,1.00,7.68,7.00,0.82,0.98,6.86,0.02,0.98,6.98,-0.87,1.00,8.55,-0.82,1.00,7.82
1,15,15,16.77,1.00,25.59,1.00,-9999.00,-9999.00,-9999.00,-9999.00,0.00,38.67,24.18,1.00,107.20,1.00,7.65,6.67,-0.47,0.96,8.11,0.02,0.96,6.65,-1.05,1.00,8.70,-0.93,1.00,7.60
1,16,16,15.17,1.00,25.81,1.00,-9999.00,-9999.00,-9999.00,-9999.00,0.00,38.60,14.81,1.00,100.91,1.00,7.25,6.37,-0.71,0.98,7.96,-0.08,1.00,6.45,-1.71,1.00,8.95,-0.08,1.00,6.45
1,17,17,14.93,1.00,25.71,1.00,-9999.00,-9999.00,-9999.00,-9999.00,0.00,38.54,11.60,1.00,97.97,1.00,7.30,6.34,-1.71,1.00,9.01,1.77,1.00,4.57,-1.59,1.00,8.88,1.77,1.00,4.57
1,18,18,12.80,1.00,25.15,1.00,-9999.00,-9999.00,-9999.00,-9999.00,0.00,38.50,7.13,1.00,81.48,1.00,7.19,6.25,-1.84,1.00,9.03,-2.94,1.00,9.19,-2.43,1.00,9.62,-3.36,1.00,9.61
1,19,19,17.67,1.00,25.96,1.00,-9999.00,-9999.00,-9999.00,-9999.00,0.00,38.46,34.15,1.00,118.78,1.00,7.11,6.51,-1.05,1.00,8.17,-2.13,1.00,8.64,-1.04,1.00,8.16,-2.13,1.00,8.64
1,20,20,18.13,1.00,25.74,1.00,-9999.00,-9999.00,-9999.00,-9999.00,0.00,38.15,35.69,1.00,100.64,1.00,6.80,6.30,-1.28,1.00,8.08,-1.52,1.00,7.82,-2.82,1.00,9.62,-3.66,1.00,9.96
1,21,21,16.23,0.96,26.30,1.00,-9999.00,-9999.00,-9999.00,-9999.00,0.00,37.42,23.35,1.00,91.66,1.00,6.51,6.08,-1.63,1.00,8.14,-2.03,1.00,8.11,-2.37,1.00,8.89,-2.10,1.00,8.18
1,22,22,15.98,1.00,25.13,1.00,-9999.00,-9999.00,-9999.00,-9999.00,0.00,37.36,27.82,1.00,89.05,1.00,6.51,5.85,-2.33,1.00,8.84,-2.60,1.00,8.44,-2.05,1.00,8.56,-2.57,1.00,8.42
1,23,23,13.99,1.00,25.99,1.00,-9999.00,-9999.00,-9999.00,-9999.00,0.25,37.32,12.47,1.00,97.16,1.00,6.41,6.03,-2.74,1.00,9.15,-2.51,1.00,8.54,-2.58,1.00,8.99,-2.51,1.00,8.54
1,24,24,13.04,1.00,25.88,1.00,-9999.00,-9999.00,-9999.00,-9999.00,0.00,37.30,10.52,1.00,87.57,1.00,6.52,6.18,-2.97,1.00,9.49,-2.77,1.00,8.95,-2.97,1.00,9.49,-2.77,1.00,8.95
1,25,25,13.75,1.00,25.73,1.00,-9999.00,-9999.00,-9999.00,-9999.00,1.65,37.30,15.34,1.00,85.76,1.00,6.37,6.29,-2.59,1.00,8.96,-2.73,1.00,9.02,-3.13,1.00,9.50,-2.72,1.00,9.00
1,26,26,11.95,1.00,24.02,1.00,-9999.00,-9999.00,-9999.00,-9999.00,30.86,41.62,17.45,1.00,72.75,1.00,6.29,5.93,-0.91,1.00,7.20,-1.67,1.00,7.60,0.42,1.00,5.87,-0.54,1.00,6.47
1,27,27,16.27,1.00,25.04,1.00,-9999.00,-9999.00,-9999.00,-9999.00,7.11,44.51,32.64,1.00,91.00,1.00,6.04,5.84,-2.58,0.98,8.62,-2.12,0.98,7.97,-1.04,1.00,7.08,-0.85,1.00,6.69
1,28,28,14.33,1.00,25.68,1.00,-9999.00,-9999.00,-9999.00,-9999.00,0.63,44.26,16.45,1.00,102.84,1.00,5.96,6.10,-2.21,0.98,8.18,-1.86,0.98,7.96,0.10,1.00,5.86,1.22,1.00,4.88
1,29,29,16.98,1.00,25.06,1.00,-9999.00,-9999.00,-9999.00,-9999.00,0.00,43.53,24.54,1.00,123.93,1.00,6.69,6.70,-2.99,0.94,9.68,-2.93,0.94,9.62,0.29,1.00,6.40,0.35,1.00,6.34
1,30,30,17.83,1.00,25.79,1.00,-9999.00,-9999.00,-9999.00,-9999.00,0.00,42.91,32.76,1.00,117.23,1.00,7.54,7.02,-3.37,0.94,10.91,-3.83,0.94,10.85,-1.10,1.00,8.64,-0.97,1.00,8.00
1,31,31,13.30,1.00,25.32,1.00,-9999.00,-9999.00,-9999.00,-9999.00,0.32,42.37,19.07,1.00,95.16,1.00,8.39,6.99,-0.66,1.00,9.05,-1.62,1.00,8.61,-0.23,1.00,8.62,-0.17,1.00,7.16
2,1,32,9.87,1.00,24.14,1.00,-9999.00,-9999.00,-9999.00,-9999.00,7.43,42.20,9.79,1.00,70.82,1.00,9.24,6.81,3.17,1.00,6.06,1.34,1.00,5.47,1.63,1.00,7.61,1.10,1.00,5.71
2,2,33,12.13,1.00,24.29,1.00,-9999.00,-9999.00,-9999.00,-9999.00,0.00,43.00,-0.06,1.00,87.80,1.00,10.07,7.07,1.93,1.00,8.14,0.83,1.00,6.24,0.88,1.00,9.19,0.46,1.00,6.60
2,3,34,10.97,1.00,24.16,1.00,-9999.00,-9999.00,-9999.00,-9999.00,8.38,43.51,10.15,1.00,71.39,1.00,10.75,7.95,2.33,1.00,8.42,1.62,1.00,6.32,1.26,1.00,9.49,0.75,1.00,7.20
2,4,35,10.91,1.00,24.54,1.00,-9999.00,-9999.00,-9999.00,-9999.00,0.00,43.82,10.21,1.00,65.90,1.00,10.94,8.15,1.94,1.00,9.00,1.07,1.00,7.08,0.84,1.00,10.09,0.97,1.00,7.18
2,5,36,16.96,1.00,26.30,1.00,-9999.00,-9999.00,-9999.00,-9999.00,1.02,43.27,28.68,1.00,102.64,1.00,10.43,8.75,-0.54,0.96,10.96,-2.11,0.96,10.87,-0.48,1.00,10.91,-1.17,1.00,9.92
2,6,37,14.27,1.00,25.02,1.00,-9999.00,-9999.00,-9999.00,-9999.00,4.45,42.85,6.22,1.00,109.64,1.00,10.43,8.59,0.27,1.00,10.16,-0.66,1.00,9.24,-0.07,1.00,10.50,-0.90,1.00,9.49
2,7,38,18.76,1.00,25.64,1.00,-9999.00,-9999.00,-9999.00,-9999.00,0.00,43.72,27.44,1.00,125.69,1.00,10.48,8.73,0.51,1.00,9.98,0.45,1.00,8.28,0.28,1.00,10.20,0.43,1.00,8.31
2,8,39,16.41,1.00,25.16,1.00,-9999.00,-9999.00,-9999.00,-9999.00,1.02,43.33,19.45,1.00,108.91,1.00,10.48,8.41,0.19,1.00,10.29,-0.70,1.00,9.11,0.02,1.00,10.46,-0.70,1.00,9.11
2,9,40,14.77,1.00,24.52,1.00,-9999.00,-9999.00,-9999.00,-9999.00,5.84,42.85,16.44,1.00,86.01,1.00,10.16,8.23,-0.55,1.00,10.71,-0.30,1.00,8.53,-0.83,1.00,10.99,-0.31,1.00,8.54
2,10,41,14.97,1.00,24.51,1.00,-9999.00,-9999.00,-9999.00,-9999.00,0.00,43.07,21.37,1.00,96.85,1.00,10.41,8.48,-0.95,1.00,11.36,-1.01,1.00,9.50,-1.06,1.00,11.48,-1.08,1.00,9.56
2,11,42,11.07,1.00,24.51,1.00,-9999.00,-9999.00,-9999.00,-9999.00,0.00,42.78,3.80,1.00,82.75,1.00,10.21,8.26,0.73,1.00,9.48,-0.16,1.00,8.43,0.08,1.00,10.13,-0.34,1.00,8.60
2,12,43,15.94,1.00,25.50,1.00,-9999.00,-9999.00,-9999.00,-9999.00,1.27,42.40,18.98,1.00,111.73,1.00,9.70,8.25,-0.96,1.00,10.67,-1.65,1.00,9.90,-1.25,1.00,10.95,-1.76,1.00,10.02
2,13,44,8.74,1.00,23.21,1.00,-9999.00,-9999.00,-9999.00,-9999.00,13.91,43.61,2.39,1.00,62.81,1.00,9.96,7.72,2.30,1.00,7.66,1.09,1.00,6.63,1.89,1.00,8.07,0.83,1.00,6.89
2,14,45,9.49,1.00,24.11,1.00,-9999.00,-9999.00,-9999.00,-9999.00,13.53,45.61,3.92,1.00,61.28,1.00,10.33,8.16,0.81,1.00,9.52,0.22,1.00,7.94,-0.08,1.00,10.41,-0.30,1.00,8.45
2,15,46,15.50,1.00,25.12,1.00,-9999.00,-9999.00,-9999.00,-9999.00,0.13,44.75,24.29,1.00,95.97,1.00,10.34,8.68,-0.20,1.00,10.54,-0.63,1.00,9.32,-1.28,1.00,11.62,-2.22,1.00,10.90
2,16,47,8.38,1.00,23.12,1.00,-9999.00,-9999.00,-9999.00,-9999.00,18.67,45.48,4.68,1.00,59.28,1.00,10.45,8.40,1.58,1.00,8.87,-0.15,1.00,8.56,1.58,1.00,8.88,-0.14,1.00,8.55
2,17,48,9.28,1.00,22.95,1.00,-9999.00,-9999.00,-9999.00,-9999.00,5.08,45.52,0.94,1.00,60.04,1.00,11.33,8.70,3.24,1.00,8.09,3.15,1.00,5.54,2.98,1.00,8.35,3.17,1.00,5.53
2,18,49,15.17,1.00,24.17,1.00,-9999.00,-9999.00,-9999.00,-9999.00,4.44,44.93,15.65,1.00,106.68,1.00,10.45,9.73,0.60,1.00,9.85,-0.23,1.00,9.96,0.42,1.00,10.03,-0.25,1.00,9.98
2,19,50,12.95,1.00,23.38,1.00,-9999.00,-9999.00,-9999.00,-9999.00,20.32,45.73,12.50,1.00,95.41,1.00,10.17,9.60,1.71,1.00,8.47,1.08,1.00,8.53,1.48,1.00,8.69,1.08,1.00,8.52
2,20,51,16.67,1.00,23.87,1.00,-9999.00,-9999.00,-9999.00,-9999.00,1.78,45.40,30.03,1.00,113.48,1.00,11.15,10.21,-0.78,1.00,11.93,-1.38,1.00,11.59,-1.43,1.00,12.58,-1.38,1.00,11.59
2,21,52,11.50,1.00,24.06,1.00,-9999.00,-9999.00,-9999.00,-9999.00,2.29,44.69,9.70,1.00,69.53,1.00,11.08,10.33,0.16,1.00,10.92,3.88,1.00,6.45,0.15,1.00,10.93,3.95,1.00,6.38
2,22,53,11.46,1.00,23.39,1.00,-9999.00,-9999.00,-9999.00,-9999.00,0.00,44.55,9.08,1.00,82.84,1.00,10.58,9.48,-0.61,1.00,11.19,-1.23,1.00,10.72,-0.50,1.00,11.08,-1.23,1.00,10.71
2,23,54,16.04,1.00,23.95,1.00,-9999.00,-9999.00,-9999.00,-9999.00,1.21,44.19,27.38,1.00,103.51,1.00,10.43,9.47,-0.26,1.00,10.68,-2.51,1.00,11.98,-0.74,1.00,11.16,-2.58,1.00,12.05
2,24,55,8.97,1.00,22.97,1.00,-9999.00,-9999.00,-9999.00,-9999.00,0.70,43.86,-1.07,1.00,68.56,1.00,9.96,9.10,0.75,1.00,9.20,1.16,1.00,7.94,0.59,1.00,9.37,1.16,1.00,7.94
2,25,56,19.37,1.00,24.24,1.00,-9999.00,-9999.00,-9999.00,-9999.00,0.25,43.68,42.18,1.00,113.05,1.00,9.85,9.17,-2.15,1.00,12.00,-2.90,1.00,12.08,-2.53,1.00,12.37,-2.95,1.00,12.13
2,26,57,2.20,1.00,22.24,1.00,-9999.00,-9999.00,-9999.00,-9999.00,48.01,44.89,-5.98,1.00,17.98,1.00,10.27,8.23,7.11,1.00,3.16,3.87,1.00,4.36,7.15,1.00,3.12,3.52,1.00,4.71
2,27,58,17.10,1.00,23.81,1.00,-9999.00,-9999.00,-9999.00,-9999.00,0.00,45.26,28.97,1.00,105.04,1.00,10.33,8.67,-2.46,1.00,12.79,-2.58,1.00,11.25,-2.78,1.00,13.11,-2.68,1.00,11.35
2,28,59,11.92,1.00,23.16,1.00,-9999.00,-9999.00,-9999.00,-9999.00,15.87,44.99,10.82,1.00,74.71,1.00,9.85,8.20,0.22,1.00,9.64,-1.79,1.00,9.99,0.08,1.00,9.77,-1.77,1.00,9.97
3,1,60,13.61,1.00,22.80,1.00,-9999.00,-9999.00,-9999.00,-9999.00,0.25,45.28,15.40,1.00,72.79,1.00,9.89,7.92,0.54,1.00,9.35,-0.93,1.00,8.85,0.64,1.00,9.25,-0.93,1.00,8.85
3,2,61,17.37,1.00,24.50,1.00,-9999.00,-9999.00,-9999.00,-9999.00,4.70,44.52,32.06,1.00,113.98,1.00,9.98,8.43,0.07,1.00,9.91,-0.31,1.00,8.74,-0.94,1.00,10.92,-1.02,1.00,9.45
3,3,62,13.20,1.00,23.50,1.00,-9999.00,-9999.00,-9999.00,-9999.00,9.14,45.30,12.36,1.00,83.80,1.00,10.17,8.00,0.94,1.00,9.23,0.34,1.00,7.65,0.54,1.00,9.63,0.42,1.00,7.58
3,4,63,16.26,1.00,23.54,1.00,-9999.00,-9999.00,-9999.00,-9999.00,5.27,45.41,13.76,1.00,100.84,1.00,11.09,7.94,-0.52,1.00,11.61,-2.59,1.00,10.53,-0.66,1.00,11.76,-2.57,1.00,10.50
3,5,64,13.34,1.00,23.66,1.00,-9999.00,-9999.00,-9999.00,-9999.00,8.19,45.22,6.36,1.00,96.08,1.00,10.85,8.09,0.60,1.00,10.25,-0.47,1.00,8.56,0.44,1.00,10.41,-0.46,1.00,8.55
3,6,65,11.45,1.00,23.42,1.00,-9999.00,-9999.00,-9999.00,-9999.00,3.05,45.62,12.09,1.00,91.01,1.00,10.74,7.99,1.60,1.00,9.14,-1.03,1.00,9.02,1.07,1.00,9.67,-0.98,1.00,8.97
3,7,66,12.98,1.00,23.01,1.00,-9999.00,-9999.00,-9999.00,-9999.00,5.46,45.31,23.19,1.00,80.18,1.00,10.86,8.18,0.54,1.00,10.32,-1.95,1.00,10.13,0.29,1.00,10.57,-1.89,1.00,10.08
3,8,67,17.63,1.00,23.42,1.00,-9999.00,-9999.00,-9999.00,-9999.00,8.00,44.86,30.66,1.00,118.54,1.00,11.00,8.81,-0.34,1.00,11.34,-2.25,1.00,11.06,-0.33,1.00,11.33,-2.25,1.00,11.06
3,9,68,17.43,1.00,24.07,1.00,-9999.00,-9999.00,-9999.00,-9999.00,0.63,44.83,24.80,1.00,119.83,1.00,11.10,9.09,-0.19,1.00,11.29,-0.01,1.00,9.10,-0.63,1.00,11.73,-0.01,1.00,9.10
3,10,69,15.32,1.00,23.69,1.00,-9999.00,-9999.00,-9999.00,-9999.00,0.89,44.36,9.66,1.00,90.48,1.00,11.13,9.05,0.77,1.00,10.37,0.28,1.00,8.77,0.64,1.00,10.49,0.30,1.00,8.75
3,11,70,16.39,1.00,24.32,1.00,-9999.00,-9999.00,-9999.00,-9999.00,0.00,44.04,20.05,1.00,99.15,1.00,10.86,9.35,-1.29,1.00,12.15,-1.19,1.00,10.54,-1.84,1.00,12.70,-1.17,1.00,10.52
3,12,71,15.66,1.00,24.70,1.00,-9999.00,-9999.00,-9999.00,-9999.00,2.03,44.02,14.32,1.00,105.41,1.00,10.62,9.44,-1.06,1.00,11.68,-1.92,1.00,11.36,-2.20,1.00,12.82,-1.99,1.00,11.43
3,13,72,8.37,1.00,23.06,1.00,-9999.00,-9999.00,-9999.00,-9999.00,17.08,44.84,4.64,1.00,55.16,1.00,10.66,8.67,2.48,1.00,8.17,0.23,1.00,8.43,1.81,1.00,8.85,0.02,1.00,8.65
3,14,73,15.09,1.00,24.10,1.00,-9999.00,-9999.00,-9999.00,-9999.00,3.68,45.55,18.48,1.00,92.56,1.00,10.32,8.78,-1.58,1.00,11.90,-1.87,1.00,10.65,-2.09,1.00,12.41,-2.04,1.00,10.82
3,15,74,8.00,1.00,22.88,1.00,-9999.00,-9999.00,-9999.00,-9999.00,4.51,45.73,-1.04,1.00,62.01,1.00,10.16,8.36,2.05,1.00,8.11,-0.13,1.00,8.49,1.88,1.00,8.28,-0.13,1.00,8.49
3,16,75,16.69,1.00,23.84,1.00,-9999.00,-9999.00,-9999.00,-9999.00,0.00,44.90,23.52,1.00,120.26,1.00,9.85,7.95,-2.96,1.00,12.81,-3.18,1.00,11.13,-2.86,1.00,12.70,-3.18,1.00,11.13
3,17,76,16.32,1.00,24.04,1.00,-9999.00,-9999.00,-9999.00,-9999.00,3.05,44.31,25.50,1.00,85.66,1.00,9.60,7.85,-0.55,1.00,10.15,-1.32,1.00,9.16,-0.88,1.00,10.48,-1.29,1.00,9.13
3,18,77,12.93,1.00,23.80,1.00,-9999.00,-9999.00,-9999.00,-9999.00,4.83,44.20,17.59,1.00,99.81,1.00,9.19,7.98,0.72,1.00,8.47,0.25,1.00,7.74,1.09,1.00,8.10,-0.03,1.00,8.01
3,19,78,17.82,1.00,25.19,1.00,-9999.00,-9999.00,-9999.00,-9999.00,0.00,44.75,21.16,1.00,108.46,1.00,9.28,8.29,-1.44,1.00,10.72,-1.52,1.00,9.81,-2.15,1.00,11.43,-2.18,1.00,10.47
3,20,79,14.99,1.00,25.73,1.00,-9999.00,-9999.00,-9999.00,-9999.00,0.00,44.23,22.71,1.00,110.20,1.00,8.78,8.15,-1.96,1.00,10.74,-1.87,1.00,10.02,-2.45,1.00,11.23,-1.90,1.00,10.05
3,21,80,10.04,1.00,24.21,1.00,-9999.00,-9999.00,-9999.00,-9999.00,23.88,44.78,5.24,1.00,67.01,1.00,8.43,7.96,1.80,1.00,6.63,0.83,1.00,7.12,1.60,1.00,6.84,0.83,1.00,7.12
3,22,81,14.45,1.00,23.85,1.00,-9999.00,-9999.00,-9999.00,-9999.00,0.00,45.06,24.90,1.00,103.40,1.00,8.74,8.06,-0.64,1.00,9.37,-1.85,1.00,9.92,-0.96,1.00,9.69,-1.88,1.00,9.95
3,23,82,17.86,1.00,24.48,1.00,-9999.00,-9999.00,-9999.00,-9999.00,5.72,44.42,33.98,1.00,97.28,1.00,8.67,8.20,-1.27,0.98,9.95,-2.07,1.00,10.27,-1.93,1.00,10.61,-2.44,1.00,10.64
3,24,83,15.97,1.00,25.54,1.00,-9999.00,-9999.00,-9999.00,-9999.00,0.00,44.17,19.71,1.00,108.53,1.00,8.82,8.96,-2.07,1.00,10.89,-1.28,1.00,10.24,-2.57,1.00,11.39,-1.28,1.00,10.24
3,25,84,6.65,1.00,22.34,1.00,-9999.00,-9999.00,-9999.00,-9999.00,19.30,45.05,-3.07,1.00,39.26,1.00,8.86,8.17,2.55,1.00,6.30,0.24,1.00,7.92,2.36,1.00,6.49,0.05,1.00,8.12
3,26,85,17.87,1.00,23.53,1.00,-9999.00,-9999.00,-9999.00,-9999.00,0.25,45.10,25.37,1.00,99.80,1.00,8.99,8.20,-2.48,1.00,11.46,-1.70,1.00,9.90,-2.34,1.00,11.32,-1.70,1.00,9.90
3,27,86,14.24,1.00,23.75,1.00,-9999.00,-9999.00,-9999.00,-9999.00,1.52,44.46,17.69,1.00,83.08,1.00,8.99,8.24,0.71,1.00,8.28,1.73,1.00,6.51,0.68,1.00,8.31,1.73,1.00,6.51
3,28,87,16.78,1.00,25.01,1.00,-9999.00,-9999.00,-9999.00,-9999.00,0.00,44.15,25.96,1.00,132.30,1.00,9.10,8.40,-1.00,1.00,10.11,-1.56,1.00,9.96,-1.37,1.00,10.47,-1.45,1.00,9.84
3,29,88,13.06,1.00,24.35,1.00,-9999.00,-9999.00,-9999.00,-9999.00,6.86,44.08,26.41,1.00,87.34,1.00,9.32,8.07,3.14,1.00,6.18,1.61,1.00,6.47,2.80,1.00,6.52,1.85,1.00,6.22
3,30,89,16.98,1.00,24.77,1.00,-9999.00,-9999.00,-9999.00,-9999.00,0.00,44.46,24.06,1.00,111.87,1.00,9.18,7.21,-1.28,1.00,10.45,-2.76,1.00,9.97,-1.11,1.00,10.29,-2.74,1.00,9.95
3,31,90,18.96,1.00,25.00,1.00,-9999.00,-9999.00,-9999.00,-9999.00,1.02,43.99,38.69,1.00,104.98,1.00,9.11,6.33,-0.61,1.00,9.72,-1.39,1.00,7.71,-0.79,1.00,9.90,-1.38,1.00,7.70
4,1,91,3.36,1.00,22.84,1.00,-9999.00,-9999.00,-9999.00,-9999.00,31.12,44.95,-3.24,1.00,20.08,1.00,7.88,5.10,4.56,1.00,3.31,-1.82,1.00,6.92,4.58,1.00,3.30,-1.94,1.00,7.04
4,2,92,13.49,1.00,23.19,1.00,-9999.00,-9999.00,-9999.00,-9999.00,1.91,45.26,18.41,1.00,80.65,1.00,9.16,5.43,-0.40,1.00,9.56,-2.77,1.00,8.21,-0.33,1.00,9.49,-3.42,1.00,8.86
4,3,93,16.41,1.00,24.25,1.00,-9999.00,-9999.00,-9999.00,-9999.00,13.34,45.20,24.21,1.00,89.95,1.00,9.36,5.81,-1.65,1.00,11.01,-2.44,1.00,8.25,-2.08,1.00,11.44,-2.37,1.00,8.18
4,4,94,15.39,1.00,24.77,1.00,-9999.00,-9999.00,-9999.00,-9999.00,1.91,45.34,22.07,1.00,87.59,1.00,9.05,5.72,-1.64,1.00,10.70,-3.12,1.00,8.84,-1.70,1.00,10.75,-3.06,1.00,8.78
4,5,95,9.48,1.00,24.25,1.00,-9999.00,-9999.00,-9999.00,-9999.00,9.91,45.75,6.37,1.00,60.96,1.00,8.82,6.02,1.30,1.00,7.52,-1.30,1.00,7.32,1.20,1.00,7.62,-1.23,1.00,7.24
4,6,96,10.98,1.00,23.89,1.00,-9999.00,-9999.00,-9999.00,-9999.00,40.13,45.68,12.79,1.00,79.96,1.00,8.77,6.10,0.34,1.00,8.43,-1.38,1.00,7.48,0.22,1.00,8.55,-1.38,1.00,7.47
4,7,97,19.85,1.00,25.14,1.00,-9999.00,-9999.00,-9999.00,-9999.00,1.52,45.44,23.50,1.00,137.67,1.00,9.00,7.02,-0.65,1.00,9.64,-1.12,1.00,8.15,-1.48,1.00,10.48,-1.41,1.00,8.43
4,8,98,20.32,1.00,25.68,1.00,-9999.00,-9999.00,-9999.00,-9999.00,6.60,44.95,36.01,1.00,111.55,1.00,9.25,7.48,-1.01,1.00,10.26,-3.02,1.00,10.50,-2.43,1.00,11.68,-3.45,1.00,10.92
4,9,99,18.47,1.00,26.31,1.00,-9999.00,-9999.00,-9999.00,-9999.00,0.25,44.98,28.01,1.00,100.37,1.00,9.42,7.84,-0.66,1.00,10.08,-0.59,1.00,8.43,-1.82,1.00,11.24,-0.29,1.00,8.13
4,10,100,17.44,1.00,25.59,1.00,-9999.00,-9999.00,-9999.00,-9999.00,0.00,44.38,22.49,1.00,123.20,1.00,8.78,7.24,-0.16,1.00,8.94,-3.02,1.00,10.27,-0.40,1.00,9.17,-3.02,1.00,10.27
4,11,101,16.99,1.00,24.66,1.00,-9999.00,-9999.00,-9999.00,-9999.00,25.78,44.30,22.44,1.00,106.07,1.00,8.61,6.77,-2.34,1.00,10.95,-3.42,1.00,10.18,-1.92,1.00,10.53,-3.44,1.00,10.20
4,12,102,15.74,1.00,24.66,1.00,-9999.00,-9999.00,-9999.00,-9999.00,0.00,45.06,21.45,1.00,96.98,1.00,8.29,6.74,-0.38,1.00,8.67,-1.72,1.00,8.46,-0.60,1.00,8.88,-1.72,1.00,8.46
4,13,103,11.64,1.00,24.33,1.00,-9999.00,-9999.00,-9999.00,-9999.00,3.05,44.98,12.98,1.00,72.29,1.00,8.28,6.56,0.54,1.00,7.74,0.66,1.00,5.89,0.66,1.00,7.62,0.01,1.00,6.54
4,14,104,13.30,1.00,23.83,1.00,-9999.00,-9999.00,-9999.00,-9999.00,9.14,45.54,13.32,1.00,79.21,1.00,7.59,6.26,0.22,1.00,7.38,-2.22,1.00,8.48,0.46,1.00,7.14,-2.47,1.00,8.73
4,15,105,7.32,1.00,23.00,1.00,-9999.00,-9999.00,-9999.00,-9999.00,9.02,45.51,3.85,1.00,36.70,1.00,6.57,5.85,2.91,1.00,3.66,0.74,1.00,5.11,2.95,1.00,3.62,0.74,1.00,5.11
4,16,106,17.36,1.00,24.00,1.00,-9999.00,-9999.00,-9999.00,-9999.00,1.14,45.28,21.25,1.00,92.52,1.00,6.38,6.05,1.53,1.00,4.86,1.03,1.00,5.01,1.69,1.00,4.69,0.87,1.00,5.18
4,17,107,22.19,1.00,24.87,1.00,-9999.00,-9999.00,-9999.00,-9999.00,1.27,44.64,37.20,1.00,101.35,1.00,6.60,6.32,1.97,1.00,4.62,1.58,1.00,4.74,2.37,1.00,4.22,1.47,1.00,4.85
4,18,108,16.36,1.00,24.78,1.00,-9999.00,-9999.00,-9999.00,-9999.00,2.54,44.24,28.09,1.00,98.65,1.00,6.58,6.36,-1.37,1.00,7.94,-2.69,1.00,9.05,-1.04,1.00,7.61,-2.78,1.00,9.14
4,19,109,20.82,1.00,25.65,1.00,-9999.00,-9999.00,-9999.00,-9999.00,4.95,44.14,22.21,1.00,129.52,1.00,6.52,6.58,2.34,1.00,4.18,2.02,1.00,4.56,2.76,1.00,3.76,1.87,1.00,4.71
4,20,110,17.17,1.00,25.08,1.00,-9999.00,-9999.00,-9999.00,-9999.00,0.00,45.17,13.31,1.00,96.44,1.00,6.67,6.24,1.54,1.00,5.13,1.68,1.00,4.56,1.43,1.00,5.24,1.63,1.00,4.60
4,21,111,16.74,1.00,24.63,1.00,-9999.00,-9999.00,-9999.00,-9999.00,7.62,44.61,25.32,1.00,100.52,1.00,6.77,6.38,0.13,1.00,6.64,-0.72,1.00,7.10,0.41,1.00,6.36,-1.23,1.00,7.61
4,22,112,17.59,1.00,25.38,1.00,-9999.00,-9999.00,-9999.00,-9999.00,0.51,44.77,17.70,1.00,113.65,1.00,7.25,6.52,-0.51,1.00,7.75,-1.14,1.00,7.66,-0.12,1.00,7.36,-1.51,1.00,8.03
4,23,113,15.37,1.00,24.19,1.00,-9999.00,-9999.00,-9999.00,-9999.00,1.78,44.85,-2.47,1.00,3.19,1.00,8.21,6.55,0.83,1.00,7.39,-0.60,1.00,7.15,1.02,1.00,7.19,-2.05,1.00,8.60
4,24,114,17.29,1.00,23.99,1.00,-9999.00,-9999.00,-9999.00,-9999.00,11.30,45.36,28.83,1.00,97.33,1.00,8.80,7.32,1.93,1.00,6.87,2.24,1.00,5.08,2.30,1.00,6.50,2.27,1.00,5.05
4,25,115,9.38,1.00,23.61,1.00,-9999.00,-9999.00,-9999.00,-9999.00,1.78,45.34,5.74,1.00,50.26,1.00,8.69,6.90,1.05,1.00,7.64,-0.64,1.00,7.54,1.75,1.00,6.94,-1.03,1.00,7.93
4,26,116,13.56,1.00,23.63,1.00,-9999.00,-9999.00,-9999.00,-9999.00,6.35,44.94,11.43,1.00,86.58,1.00,8.15,6.73,0.62,1.00,7.53,-1.02,1.00,7.75,1.01,1.00,7.14,-1.18,1.00,7.91
4,27,117,18.71,1.00,24.67,1.00,-9999.00,-9999.00,-9999.00,-9999.00,2.73,45.16,30.13,1.00,109.10,1.00,8.13,6.96,0.79,1.00,7.34,0.52,1.00,6.44,0.88,1.00,7.25,0.63,1.00,6.32
4,28,118,13.63,1.00,24.03,1.00,-9999.00,-9999.00,-9999.00,-9999.00,1.46,44.86,14.13,1.00,78.84,1.00,8.51,6.70,1.26,1.00,7.25,0.63,1.00,6.08,1.38,1.00,7.13,0.06,1.00,6.65
4,29,119,16.74,1.00,24.80,1.00,-9999.00,-9999.00,-9999.00,-9999.00,0.00,44.53,22.56,1.00,107.07,1.00,8.57,6.71,1.66,1.00,6.91,0.41,1.00,6.29,1.83,1.00,6.74,-0.44,1.00,7.15
4,30,120,16.36,1.00,24.72,1.00,-9999.00,-9999.00,-9999.00,-9999.00,5.59,44.16,29.17,1.00,80.72,1.00,8.09,6.91,0.66,1.00,7.43,-0.92,1.00,7.83,0.67,1.00,7.42,-1.34,1.00,8.24
5,1,121,13.37,1.00,23.31,1.00,-9999.00,-9999.00,-9999.00,-9999.00,11.18,44.86,19.01,1.00,103.66,1.00,5.58,6.06,0.40,1.00,5.17,-2.43,1.00,8.48,0.73,1.00,4.85,-3.55,1.00,9.61
5,2,122,15.45,1.00,23.93,1.00,-9999.00,-9999.00,-9999.00,-9999.00,1.65,45.46,21.45,1.00,88.68,1.00,6.86,4.26,2.55,1.00,4.31,-0.67,1.00,4.94,2.79,1.00,4.07,-0.60,1.00,4.86
5,3,123,15.97,1.00,24.30,1.00,-9999.00,-9999.00,-9999.00,-9999.00,12.32,45.24,16.61,1.00,131.61,1.00,7.60,4.28,0.82,1.00,6.78,-0.37,1.00,4.65,1.41,1.00,6.19,-1.41,1.00,5.69
5,4,124,15.87,1.00,24.70,1.00,-9999.00,-9999.00,-9999.00,-9999.00,0.00,45.04,17.24,1.00,133.55,1.00,5.48,3.99,-0.08,1.00,5.56,-0.75,1.00,4.74,1.26,1.00,4.22,-0.77,1.00,4.76
5,5,125,15.75,1.00,24.69,1.00,-9999.00,-9999.00,-9999.00,-9999.00,0.57,44.94,16.61,1.00,136.01,1.00,1.97,4.07,1.23,1.00,0.75,-0.22,1.00,4.29,1.81,1.00,0.16,-0.39,1.00,4.46
5,6,126,14.89,1.00,24.50,1.00,-9999.00,-9999.00,-9999.00,-9999.00,10.22,45.41,12.75,1.00,106.90,1.00,1.09,4.31,1.51,1.00,-0.42,-0.53,1.00,4.84,1.84,1.00,-0.75,-0.49,1.00,4.80
5,7,127,15.91,1.00,24.92,1.00,-9999.00,-9999.00,-9999.00,-9999.00,2.29,45.50,-9.19,1.00,390.27,1.00,1.39,4.53,4.32,1.00,-2.92,-0.77,1.00,5.30,3.38,1.00,-1.99,0.01,1.00,4.53
5,8,128,18.06,1.00,25.87,1.00,-9999.00,-9999.00,-9999.00,-9999.00,10.16,45.10,30.24,1.00,90.87,1.00,3.56,5.13,1.90,1.00,1.66,0.49,1.00,4.63,1.49,1.00,2.07,0.90,1.00,4.23
5,9,129,14.80,1.00,25.19,1.00,-9999.00,-9999.00,-9999.00,-9999.00,18.03,45.60,21.44,1.00,125.55,1.00,4.37,5.65,2.59,1.00,1.78,1.29,1.00,4.35,1.70,1.00,2.67,1.82,1.00,3.83
5,10,130,17.16,1.00,25.72,1.00,-9999.00,-9999.00,-9999.00,-9999.00,1.52,45.36,22.87,1.00,114.01,1.00,5.44,6.72,2.84,1.00,2.59,-2.86,1.00,9.59,1.26,1.00,4.18,-2.64,1.00,9.36
5,11,131,16.09,1.00,25.05,1.00,-9999.00,-9999.00,-9999.00,-9999.00,16.51,45.19,15.30,1.00,103.95,1.00,5.68,6.61,2.49,1.00,3.18,-0.50,1.00,7.11,0.96,1.00,4.72,-0.44,1.00,7.05
5,12,132,18.58,1.00,25.39,1.00,-9999.00,-9999.00,-9999.00,-9999.00,0.00,45.36,23.25,1.00,129.15,1.00,6.37,6.38,3.59,1.00,2.78,2.54,1.00,3.85,2.95,1.00,3.42,2.76,1.00,3.63
5,13,133,13.86,1.00,25.50,1.00,-9999.00,-9999.00,-9999.00,-9999.00,0.00,44.71,8.36,1.00,79.57,1.00,7.70,6.35,5.81,1.00,1.89,4.40,1.00,1.94,6.17,1.00,1.53,4.74,1.00,1.61
5,14,134,15.19,1.00,25.24,1.00,-9999.00,-9999.00,-9999.00,-9999.00,5.33,44.30,28.47,1.00,104.97,1.00,7.91,6.15,1.57,1.00,6.34,-2.55,1.00,8.70,1.41,1.00,6.50,-2.15,1.00,8.30
5,15,135,19.40,1.00,25.45,1.00,-9999.00,-9999.00,-9999.00,-9999.00,1.14,44.49,27.97,1.00,120.79,1.00,7.89,6.02,-0.72,1.00,8.61,-2.43,1.00,8.45,-0.61,1.00,8.51,-2.34,1.00,8.36
5,16,136,17.63,1.00,25.61,1.00,-9999.00,-9999.00,-9999.00,-9999.00,6.60,45.36,17.44,1.00,99.33,1.00,7.80,5.54,-0.28,1.00,8.08,-3.18,1.00,8.72,-0.37,1.00,8.17,-2.87,1.00,8.41
5,17,137,15.49,1.00,25.77,1.00,-9999.00,-9999.00,-9999.00,-9999.00,1.27,44.96,14.75,1.00,88.86,1.00,7.67,4.56,-0.11,1.00,7.78,-1.41,1.00,5.98,-1.12,1.00,8.78,-1.31,1.00,5.87
5,18,138,13.16,1.00,25.75,1.00,-9999.00,-9999.00,-9999.00,-9999.00,0.00,44.65,11.68,1.00,77.93,1.00,6.75,3.70,2.39,1.00,4.36,-0.80,1.00,4.50,1.51,1.00,5.24,-0.08,1.00,3.78
5,19,139,17.10,1.00,26.10,1.00,-9999.00,-9999.00,-9999.00,-9999.00,0.00,44.52,21.77,1.00,102.53,1.00,8.78,4.70,0.45,1.00,8.33,-1.16,1.00,5.86,0.48,1.00,8.30,-1.16,1.00,5.86
5,20,140,16.99,1.00,26.32,1.00,-9999.00,-9999.00,-9999.00,-9999.00,0.00,44.05,24.33,1.00,100.47,1.00,9.58,5.32,1.44,1.00,8.14,-1.16,1.00,6.48,0.89,1.00,8.69,-0.72,1.00,6.04
5,21,141,14.80,1.00,25.06,1.00,-9999.00,-9999.00,-9999.00,-9999.00,5.72,44.35,17.72,1.00,83.65,1.00,9.67,5.50,0.12,1.00,9.56,-1.98,1.00,7.48,0.20,1.00,9.47,-1.68,1.00,7.18
5,22,142,18.89,1.00,26.23,1.00,-9999.00,-9999.00,-9999.00,-9999.00,0.00,44.52,18.96,1.00,94.55,1.00,9.82,6.28,-0.53,1.00,10.35,-1.67,1.00,7.94,-0.10,1.00,9.92,-1.78,1.00,8.06
5,23,143,16.56,1.00,26.21,1.00,-9999.00,-9999.00,-9999.00,-9999.00,0.00,44.11,14.69,1.00,97.17,1.00,9.75,6.13,-0.08,1.00,9.83,-1.07,1.00,7.19,0.02,1.00,9.73,-0.80,1.00,6.93
5,24,144,14.38,1.00,25.19,1.00,-9999.00,-9999.00,-9999.00,-9999.00,0.25,43.77,19.16,1.00,103.94,1.00,9.14,6.35,-0.30,1.00,9.44,-2.78,1.00,9.14,0.11,1.00,9.03,-2.65,1.00,9.00
5,25,145,12.58,1.00,24.73,1.00,-9999.00,-9999.00,-9999.00,-9999.00,1.40,43.53,13.67,1.00,62.62,1.00,8.74,6.85,1.92,1.00,6.82,0.42,1.00,6.43,2.29,1.00,6.45,0.14,1.00,6.72
5,26,146,14.87,1.00,25.22,1.00,-9999.00,-9999.00,-9999.00,-9999.00,1.27,43.89,18.42,1.00,81.67,1.00,8.80,7.26,0.30,1.00,8.50,-1.25,1.00,8.51,1.38,1.00,7.41,-0.60,1.00,7.86
5,27,147,7.99,1.00,23.17,1.00,-9999.00,-9999.00,-9999.00,-9999.00,15.75,44.96,2.22,1.00,54.82,1.00,7.05,6.43,1.24,1.00,5.82,-0.82,1.00,7.25,2.02,1.00,5.03,-1.07,1.00,7.50
5,28,148,7.80,1.00,22.91,1.00,-9999.00,-9999.00,-9999.00,-9999.00,7.87,45.45,6.04,1.00,51.82,1.00,5.23,6.38,1.55,1.00,3.68,-1.89,1.00,8.27,1.85,1.00,3.38,-2.07,1.00,8.45
5,29,149,20.39,1.00,24.26,1.00,-9999.00,-9999.00,-9999.00,-9999.00,4.06,45.07,37.05,1.00,113.52,1.00,5.02,6.40,-0.31,1.00,5.33,-0.95,1.00,7.35,-0.03,1.00,5.05,-2.19,1.00,8.59
5,30,150,16.98,1.00,25.07,1.00,-9999.00,-9999.00,-9999.00,-9999.00,0.00,44.59,20.60,1.00,100.09,1.00,5.28,6.17,0.06,1.00,5.23,0.16,1.00,6.02,0.72,1.00,4.56,-0.42,1.00,6.59
5,31,151,10.13,1.00,23.94,1.00,-9999.00,-9999.00,-9999.00,-9999.00,14.48,44.98,7.07,1.00,57.51,1.00,5.62,7.13,1.13,1.00,4.49,-0.22,1.00,7.34,3.11,1.00,2.51,-0.16,1.00,7.29
6,1,152,13.95,1.00,24.57,1.00,-9999.00,-9999.00,-9999.00,-9999.00,0.00,44.40,14.02,1.00,84.67,1.00,6.58,7.75,0.01,1.00,6.57,-0.72,1.00,8.47,1.43,1.00,5.15,-0.70,1.00,8.45
6,2,153,13.53,1.00,24.48,1.00,-9999.00,-9999.00,-9999.00,-9999.00,0.00,44.47,11.91,1.00,84.49,1.00,6.86,7.60,-0.02,1.00,6.89,-0.79,1.00,8.39,1.58,1.00,5.28,-0.61,1.00,8.21
6,3,154,8.54,1.00,23.43,1.00,-9999.00,-9999.00,-9999.00,-9999.00,24.38,45.10,0.95,1.00,50.72,1.00,6.49,6.93,2.07,1.00,4.42,0.91,1.00,6.02,2.62,1.00,3.87,0.70,1.00,6.23
6,4,155,18.45,1.00,24.43,1.00,-9999.00,-9999.00,-9999.00,-9999.00,0.00,45.25,18.61,1.00,105.21,1.00,6.40,7.07,0.99,1.00,5.41,1.41,1.00,5.66,1.36,1.00,5.04,1.34,1.00,5.73
6,5,156,19.23,1.00,25.55,1.00,-9999.00,-9999.00,-9999.00,-9999.00,2.54,44.64,26.80,1.00,117.90,1.00,6.37,7.44,-0.33,1.00,6.69,-0.05,1.00,7.48,-0.27,1.00,6.64,0.37,1.00,7.06
6,6,157,8.49,1.00,23.89,1.00,-9999.00,-9999.00,-9999.00,-9999.00,3.81,44.28,2.89,1.00,48.08,1.00,6.41,7.20,0.35,1.00,6.06,-2.37,1.00,9.58,1.18,1.00,5.23,-2.53,1.00,9.73
6,7,158,17.60,1.00,24.62,1.00,-9999.00,-9999.00,-9999.00,-9999.00,0.25,44.17,31.23,1.00,127.37,1.00,6.71,7.59,0.55,1.00,6.16,-0.73,1.00,8.32,0.64,1.00,6.08,-0.95,1.00,8.53
6,8,159,14.72,1.00,23.93,1.00,-9999.00,-9999.00,-9999.00,-9999.00,2.03,43.95,19.96,1.00,82.42,1.00,6.68,7.15,0.46,1.00,6.22,0.59,1.00,6.56,0.97,1.00,5.71,0.28,1.00,6.87
6,9,160,5.25,1.00,23.06,1.00,-9999.00,-9999.00,-9999.00,-9999.00,0.51,43.93,3.02,1.00,25.78,1.00,6.49,6.69,3.18,1.00,3.30,3.53,1.00,3.16,4.45,1.00,2.03,2.91,1.00,3.77
6,10,161,17.69,1.00,25.43,1.00,-9999.00,-9999.00,-9999.00,-9999.00,0.00,43.86,25.08,1.00,101.94,1.00,7.24,7.17,-0.41,1.00,7.66,0.36,1.00,6.81,-0.16,1.00,7.41,-0.05,1.00,7.22
6,11,162,16.67,1.00,24.98,1.00,-9999.00,-9999.00,-9999.00,-9999.00,5.59,43.67,17.69,1.00,94.77,1.00,7.89,7.17,-0.63,1.00,8.52,-1.10,1.00,8.27,-0.03,1.00,7.92,-1.27,1.00,8.44
6,12,163,13.41,1.00,24.60,1.00,-9999.00,-9999.00,-9999.00,-9999.00,8.13,44.27,19.78,1.00,99.94,1.00,8.24,6.95,0.97,1.00,7.26,-0.97,1.00,7.91,0.86,1.00,7.38,-1.05,1.00,7.99
6,13,164,10.98,1.00,24.56,1.00,-9999.00,-9999.00,-9999.00,-9999.00,8.26,45.55,8.33,1.00,64.24,1.00,8.38,6.21,-0.83,1.00,9.21,-1.31,1.00,7.52,-0.43,1.00,8.81,-1.25,1.00,7.47
6,14,165,9.37,1.00,23.78,1.00,-9999.00,-9999.00,-9999.00,-9999.00,2.29,45.07,4.46,1.00,46.38,1.00,8.37,6.04,1.61,1.00,6.76,-0.40,1.00,6.44,1.60,1.00,6.77,-0.45,1.00,6.49
6,15,166,16.36,1.00,25.55,1.00,-9999.00,-9999.00,-9999.00,-9999.00,0.00,44.71,20.21,1.00,104.75,1.00,7.80,6.04,0.09,1.00,7.71,0.91,1.00,5.12,-0.03,1.00,7.84,0.90,1.00,5.14
6,16,167,13.28,1.00,25.01,1.00,-9999.00,-9999.00,-9999.00,-9999.00,0.00,44.32,11.91,1.00,78.66,1.00,8.32,5.81,1.06,1.00,7.26,1.04,1.00,4.77,1.21,1.00,7.10,0.98,1.00,4.84
6,17,168,17.45,1.00,24.32,1.00,-9999.00,-9999.00,-9999.00,-9999.00,13.59,44.36,18.02,1.00,97.15,1.00,8.19,5.78,-0.60,1.00,8.80,-1.92,1.00,7.69,-0.49,1.00,8.68,-1.92,1.00,7.69
6,18,169,18.39,1.00,24.19,1.00,-9999.00,-9999.00,-9999.00,-9999.00,2.54,45.54,20.24,1.00,104.41,1.00,7.41,5.87,-0.65,1.00,8.06,-0.67,1.00,6.54,-0.88,1.00,8.28,-0.69,1.00,6.56
6,19,170,18.69,1.00,24.96,1.00,-9999.00,-9999.00,-9999.00,-9999.00,0.00,45.13,31.41,1.00,94.26,1.00,7.48,5.90,1.06,1.00,6.42,0.82,1.00,5.07,0.69,1.00,6.78,0.87,1.00,5.03
6,20,171,19.74,1.00,25.07,1.00,-9999.00,-9999.00,-9999.00,-9999.00,4.06,44.64,34.70,1.00,105.01,1.00,7.76,5.73,-0.75,1.00,8.50,0.68,1.00,5.05,-1.00,1.00,8.75,0.88,1.00,4.85
6,21,172,11.30,1.00,23.43,1.00,-9999.00,-9999.00,-9999.00,-9999.00,2.54,44.52,9.75,1.00,56.01,1.00,7.47,5.58,2.50,1.00,4.97,-1.35,1.00,6.92,2.59,1.00,4.88,-1.48,1.00,7.06
6,22,173,11.93,1.00,24.90,1.00,-9999.00,-9999.00,-9999.00,-9999.00,0.25,44.54,10.42,1.00,54.49,1.00,6.73,5.55,2.51,1.00,4.22,0.89,1.00,4.66,2.00,1.00,4.73,1.25,1.00,4.31
6,23,174,16.75,1.00,25.17,1.00,-9999.00,-9999.00,-9999.00,-9999.00,18.29,44.50,26.00,1.00,95.80,1.00,6.54,5.57,1.88,1.00,4.66,-0.03,1.00,5.60,1.22,1.00,5.32,0.34,1.00,5.23
6,24,175,15.11,1.00,24.17,1.00,-9999.00,-9999.00,-9999.00,-9999.00,1.27,45.61,28.38,1.00,94.84,1.00,6.48,5.31,1.92,1.00,4.56,-0.43,1.00,5.74,1.29,1.00,5.19,-0.33,1.00,5.64
6,25,176,18.44,1.00,25.40,1.00,-9999.00,-9999.00,-9999.00,-9999.00,0.00,44.90,24.46,1.00,102.56,1.00,6.15,5.36,0.72,1.00,5.43,0.13,1.00,5.23,0.24,1.00,5.91,-0.55,1.00,5.91
6,26,177,20.08,1.00,25.86,1.00,-9999.00,-9999.00,-9999.00,-9999.00,0.00,44.44,35.72,1.00,136.51,1.00,5.71,5.14,1.66,0.98,4.05,1.53,1.00,3.61,1.07,1.00,4.64,0.63,1.00,4.51
6,27,178,20.19,1.00,25.85,1.00,-9999.00,-9999.00,-9999.00,-9999.00,5.08,44.08,31.10,1.00,121.82,1.00,5.56,4.97,0.73,1.00,4.83,-0.55,1.00,5.52,0.84,1.00,4.72,-0.27,1.00,5.24
6,28,179,19.95,1.00,25.98,1.00,-9999.00,-9999.00,-9999.00,-9999.00,0.00,44.22,21.83,1.00,109.80,1.00,5.07,4.98,0.64,1.00,4.43,0.81,1.00,4.17,0.69,1.00,4.38,0.65,1.00,4.33
6,29,180,20.69,1.00,26.82,1.00,-9999.00,-9999.00,-9999.00,-9999.00,0.00,44.02,27.56,1.00,132.74,1.00,5.11,5.40,0.15,1.00,4.97,0.44,1.00,4.96,0.24,1.00,4.87,0.54,1.00,4.86
6,30,181,21.00,1.00,27.03,1.00,-9999.00,-9999.00,-9999.00,-9999.00,0.25,43.76,24.89,1.00,111.25,1.00,4.80,5.38,0.22,1.00,4.58,-0.68,1.00,6.06,0.52,1.00,4.29,-0.28,1.00,5.66
7,1,182,19.05,1.00,26.56,1.00,-9999.00,-9999.00,-9999.00,-9999.00,0.00,43.49,21.38,1.00,122.65,1.00,4.46,5.46,-0.64,1.00,5.10,-0.57,1.00,6.03,0.08,1.00,4.38,-0.04,1.00,5.50
7,2,183,12.35,1.00,24.28,1.00,-9999.00,-9999.00,-9999.00,-9999.00,22.73,44.13,7.05,1.00,79.72,1.00,3.77,4.82,0.51,1.00,3.27,1.68,1.00,3.14,1.98,1.00,1.79,1.74,1.00,3.08
7,3,184,16.15,1.00,23.10,1.00,-9999.00,-9999.00,-9999.00,-9999.00,3.43,45.29,29.11,1.00,90.48,1.00,2.19,4.40,-2.48,1.00,4.66,-1.75,1.00,6.15,-0.82,1.00,3.00,-1.49,1.00,5.88
7,4,185,19.05,1.00,24.89,1.00,-9999.00,-9999.00,-9999.00,-9999.00,2.03,44.87,26.96,1.00,116.67,1.00,2.32,4.63,-1.22,1.00,3.54,-0.54,1.00,5.17,-0.06,1.00,2.38,-0.54,1.00,5.17
7,5,186,19.35,1.00,25.64,1.00,-9999.00,-9999.00,-9999.00,-9999.00,0.00,44.69,24.44,1.00,106.11,1.00,2.71,4.97,-3.41,1.00,6.12,-4.18,1.00,9.15,-2.62,1.00,5.33,-4.14,1.00,9.11
7,6,187,17.81,1.00,25.24,1.00,-9999.00,-9999.00,-9999.00,-9999.00,0.00,44.37,23.56,1.00,107.74,1.00,2.87,4.79,-2.16,1.00,5.03,-0.10,1.00,4.88,-1.13,1.00,4.00,-0.02,1.00,4.81
7,7,188,19.47,1.00,25.79,1.00,-9999.00,-9999.00,-9999.00,-9999.00,0.00,44.03,25.54,1.00,118.95,1.00,3.11,4.55,-1.68,1.00,4.79,-1.32,1.00,5.87,-0.64,1.00,3.75,-1.24,1.00,5.78
7,8,189,19.45,1.00,25.63,1.00,-9999.00,-9999.00,-9999.00,-9999.00,0.00,43.72,28.39,1.00,113.47,1.00,3.14,4.32,-0.94,1.00,4.08,-1.70,1.00,6.02,0.06,1.00,3.08,-1.62,1.00,5.94
7,9,190,14.22,1.00,24.79,1.00,-9999.00,-9999.00,-9999.00,-9999.00,0.00,43.46,20.25,1.00,80.01,1.00,3.09,3.90,-0.67,1.00,3.76,1.27,1.00,2.62,1.97,1.00,1.12,1.26,1.00,2.64
7,10,191,19.08,1.00,26.33,1.00,-9999.00,-9999.00,-9999.00,-9999.00,0.00,43.23,20.34,1.00,110.46,1.00,3.22,4.02,-1.15,1.00,4.38,-1.41,1.00,5.43,-0.06,1.00,3.28,-1.22,1.00,5.24
7,11,192,21.42,1.00,26.85,1.00,-9999.00,-9999.00,-9999.00,-9999.00,0.00,42.99,22.37,1.00,127.79,1.00,3.94,4.16,0.11,1.00,3.83,0.06,1.00,4.10,0.34,1.00,3.60,0.26,1.00,3.90
7,12,193,19.60,1.00,27.12,1.00,-9999.00,-9999.00,-9999.00,-9999.00,0.00,42.75,22.15,1.00,120.84,1.00,4.41,4.84,-0.83,1.00,5.24,-1.63,1.00,6.47,-0.40,1.00,4.81,-1.25,1.00,6.09
7,13,194,21.93,1.00,27.08,1.00,-9999.00,-9999.00,-9999.00,-9999.00,0.00,42.53,29.52,1.00,123.42,1.00,4.38,5.02,-0.63,1.00,5.01,-0.19,1.00,5.20,-0.08,1.00,4.46,-0.08,1.00,5.10
7,14,195,19.40,1.00,25.42,1.00,-9999.00,-9999.00,-9999.00,-9999.00,0.00,42.41,24.49,1.00,118.99,1.00,5.07,5.04,0.23,1.00,4.85,-0.23,1.00,5.27,0.25,1.00,4.82,-0.77,1.00,5.81
7,15,196,15.50,1.00,24.39,1.00,-9999.00,-9999.00,-9999.00,-9999.00,0.00,42.46,20.87,1.00,123.88,1.00,5.07,5.45,-0.71,1.00,5.77,0.16,1.00,5.28,0.00,1.00,5.06,-1.20,1.00,6.65
7,16,197,18.78,1.00,26.30,1.00,-9999.00,-9999.00,-9999.00,-9999.00,0.00,42.51,24.07,1.00,114.25,1.00,4.95,6.31,-1.30,1.00,6.25,0.89,1.00,5.42,-1.04,1.00,5.99,0.27,1.00,6.04
7,17,198,18.59,1.00,26.50,1.00,-9999.00,-9999.00,-9999.00,-9999.00,0.13,42.44,18.07,1.00,113.99,1.00,5.06,6.90,1.58,1.00,3.48,1.45,1.00,5.46,1.91,1.00,3.15,1.15,1.00,5.75
7,18,199,21.55,1.00,26.57,1.00,-9999.00,-9999.00,-9999.00,-9999.00,0.25,42.31,26.95,1.00,127.84,1.00,5.10,7.03,1.27,1.00,3.83,1.30,1.00,5.73,1.50,1.00,3.60,0.82,1.00,6.21
7,19,200,21.11,1.00,26.83,1.00,-9999.00,-9999.00,-9999.00,-9999.00,0.00,42.13,26.13,1.00,136.50,1.00,5.10,6.95,2.93,1.00,2.17,2.31,1.00,4.64,3.12,1.00,1.98,1.90,1.00,5.05
7,20,201,20.78,1.00,26.81,1.00,-9999.00,-9999.00,-9999.00,-9999.00,0.00,41.94,26.66,1.00,124.46,1.00,5.07,6.70,1.49,1.00,3.58,3.78,1.00,2.93,1.17,1.00,3.90,3.28,1.00,3.42
7,21,202,19.11,1.00,26.50,1.00,-9999.00,-9999.00,-9999.00,-9999.00,1.02,41.73,27.16,1.00,93.66,1.00,4.79,6.49,0.59,1.00,4.21,1.00,1.00,5.50,0.26,1.00,4.53,0.45,1.00,6.04
7,22,203,22.19,1.00,26.91,1.00,-9999.00,-9999.00,-9999.00,-9999.00,0.00,41.55,22.67,1.00,119.41,1.00,4.19,6.48,0.12,1.00,4.07,-0.13,1.00,6.61,-0.55,1.00,4.74,-0.31,1.00,6.79
7,23,204,20.96,1.00,27.05,1.00,-9999.00,-9999.00,-9999.00,-9999.00,0.76,41.36,32.83,1.00,126.20,1.00,4.33,6.10,0.95,1.00,3.37,1.06,1.00,5.03,0.67,1.00,3.66,1.11,1.00,4.99
7,24,205,19.99,1.00,26.54,1.00,-9999.00,-9999.00,-9999.00,-9999.00,0.00,41.16,26.34,1.00,119.40,1.00,4.58,6.08,1.92,1.00,2.66,-0.19,1.00,6.26,1.35,1.00,3.23,0.08,1.00,6.00
7,25,206,20.47,1.00,26.46,1.00,-9999.00,-9999.00,-9999.00,-9999.00,0.00,41.03,24.86,1.00,135.17,1.00,5.33,5.57,0.52,1.00,4.82,-0.64,1.00,6.21,0.50,1.00,4.83,-0.37,1.00,5.94
7,26,207,16.63,1.00,26.82,1.00,-9999.00,-9999.00,-9999.00,-9999.00,0.00,40.89,37.58,1.00,108.83,1.00,4.68,5.20,-0.96,1.00,5.64,-0.81,1.00,6.00,-1.07,1.00,5.75,-0.69,1.00,5.88
7,27,208,17.47,1.00,25.63,1.00,-9999.00,-9999.00,-9999.00,-9999.00,5.71,41.13,37.25,1.00,112.69,1.00,4.55,4.97,-2.30,1.00,6.85,-2.20,1.00,7.17,-2.40,1.00,6.95,-2.30,1.00,7.28
7,28,209,11.36,1.00,25.31,1.00,-9999.00,-9999.00,-9999.00,-9999.00,0.25,41.91,18.37,1.00,80.09,1.00,4.82,4.99,2.36,1.00,2.45,0.51,1.00,4.48,2.83,1.00,1.99,0.18,1.00,4.81
7,29,210,5.73,1.00,23.99,1.00,-9999.00,-9999.00,-9999.00,-9999.00,22.61,43.69,2.64,1.00,24.64,1.00,5.14,4.88,2.11,1.00,3.02,1.71,1.00,3.18,2.73,1.00,2.41,1.35,1.00,3.53
7,30,211,20.39,1.00,25.90,1.00,-9999.00,-9999.00,-9999.00,-9999.00,0.25,45.15,33.16,1.00,137.89,1.00,5.58,5.43,-0.89,1.00,6.47,-2.24,1.00,7.67,-0.98,1.00,6.56,-2.50,1.00,7.93
7,31,212,18.77,1.00,26.43,1.00,-9999.00,-9999.00,-9999.00,-9999.00,0.00,44.44,24.84,1.00,111.92,1.00,5.80,5.84,-0.06,1.00,5.86,-0.17,1.00,6.00,-0.19,1.00,6.00,-0.20,1.00,6.04
8,1,213,18.20,1.00,26.33,1.00,-9999.00,-9999.00,-9999.00,-9999.00,0.00,43.99,27.64,1.00,121.74,1.00,5.78,5.51,-0.65,1.00,6.43,-0.41,1.00,5.92,-0.68,1.00,6.47,-0.53,1.00,6.05
8,2,214,19.87,1.00,26.64,1.00,-9999.00,-9999.00,-9999.00,-9999.00,0.00,43.64,15.82,1.00,114.24,1.00,5.48,5.55,1.05,1.00,4.43,1.81,1.00,3.74,0.97,1.00,4.51,1.51,1.00,4.05
8,3,215,19.38,1.00,26.64,1.00,-9999.00,-9999.00,-9999.00,-9999.00,0.00,43.34,26.40,1.00,122.19,1.00,5.46,5.71,-0.55,1.00,6.01,-0.35,1.00,6.06,-0.53,1.00,5.99,-0.39,1.00,6.11
8,4,216,20.04,1.00,26.56,1.00,-9999.00,-9999.00,-9999.00,-9999.00,0.00,43.06,26.72,1.00,118.84,1.00,5.54,5.88,-0.70,1.00,6.25,-0.41,1.00,6.30,-0.64,1.00,6.19,-0.65,1.00,6.53
8,5,217,17.97,1.00,26.06,1.00,-9999.00,-9999.00,-9999.00,-9999.00,4.57,42.82,22.39,1.00,109.63,1.00,5.23,5.74,-1.57,1.00,6.81,-1.35,1.00,7.09,-1.37,1.00,6.60,-1.35,1.00,7.09
8,6,218,21.36,1.00,26.40,1.00,-9999.00,-9999.00,-9999.00,-9999.00,0.00,42.73,25.14,1.00,127.06,1.00,4.82,5.58,-1.50,1.00,6.32,-0.16,1.00,5.74,-1.01,1.00,5.83,-0.36,1.00,5.94
8,7,219,20.62,1.00,26.48,1.00,-9999.00,-9999.00,-9999.00,-9999.00,0.00,42.56,21.68,1.00,106.15,1.00,4.70,5.69,0.34,1.00,4.36,0.91,1.00,4.78,0.41,1.00,4.28,0.77,1.00,4.93
8,8,220,18.89,1.00,26.54,1.00,-9999.00,-9999.00,-9999.00,-9999.00,0.00,42.34,21.98,1.00,95.84,1.00,4.47,5.70,-0.35,1.00,4.82,-0.98,1.00,6.68,-0.27,1.00,4.74,-1.42,1.00,7.11
8,9,221,17.38,1.00,26.55,1.00,-9999.00,-9999.00,-9999.00,-9999.00,0.00,42.12,29.53,1.00,107.30,1.00,4.26,5.73,-1.71,1.00,5.97,1.23,1.00,4.50,-1.26,1.00,5.52,0.99,1.00,4.74
8,10,222,15.88,1.00,26.26,1.00,-9999.00,-9999.00,-9999.00,-9999.00,0.13,41.89,27.68,1.00,108.61,1.00,4.19,5.67,-1.67,1.00,5.86,-0.89,1.00,6.56,-1.37,1.00,5.56,-1.27,1.00,6.93
8,11,223,15.15,1.00,24.16,1.00,-9999.00,-9999.00,-9999.00,-9999.00,13.72,44.39,16.23,1.00,90.22,1.00,4.28,5.19,-1.21,1.00,5.48,-0.67,1.00,5.86,0.22,1.00,4.06,-1.90,1.00,7.10
8,12,224,12.71,1.00,24.44,1.00,-9999.00,-9999.00,-9999.00,-9999.00,1.78,45.05,13.01,1.00,86.68,1.00,4.10,5.06,-0.84,1.00,4.93,-0.72,1.00,5.78,0.14,1.00,3.96,-1.75,1.00,6.81
8,13,225,19.37,1.00,25.63,1.00,-9999.00,-9999.00,-9999.00,-9999.00,0.25,44.58,27.37,1.00,116.95,1.00,4.60,5.54,-1.59,1.00,6.19,-0.51,1.00,6.05,-0.69,1.00,5.29,-1.13,1.00,6.66
8,14,226,21.49,1.00,25.86,1.00,-9999.00,-9999.00,-9999.00,-9999.00,0.00,44.08,32.16,1.00,134.48,1.00,5.01,5.50,-1.97,0.96,6.97,-0.23,1.00,5.74,-1.48,1.00,6.48,-0.74,1.00,6.24
8,15,227,19.65,1.00,26.30,1.00,-9999.00,-9999.00,-9999.00,-9999.00,0.00,43.69,27.07,1.00,118.38,1.00,4.66,5.21,-1.56,1.00,6.21,-1.89,1.00,7.10,-0.87,1.00,5.53,-2.00,1.00,7.21
8,16,228,18.85,1.00,25.60,1.00,-9999.00,-9999.00,-9999.00,-9999.00,0.76,43.36,25.45,1.00,124.24,1.00,4.57,5.00,-1.27,1.00,5.84,-0.87,1.00,5.87,-0.80,1.00,5.37,-1.18,1.00,6.18
8,17,229,20.90,1.00,25.49,1.00,-9999.00,-9999.00,-9999.00,-9999.00,0.00,43.07,37.80,1.00,124.02,1.00,4.62,5.20,-2.53,1.00,7.15,-1.76,1.00,6.96,-1.96,1.00,6.58,-2.06,1.00,7.26
8,18,230,16.12,1.00,25.19,1.00,-9999.00,-9999.00,-9999.00,-9999.00,0.63,42.80,19.79,1.00,99.14,1.00,4.66,5.32,-1.74,1.00,6.40,-2.75,1.00,8.07,-1.09,1.00,5.75,-3.02,1.00,8.34
8,19,231,5.87,1.00,22.40,1.00,-9999.00,-9999.00,-9999.00,-9999.00,22.61,44.33,1.72,1.00,34.44,1.00,4.70,4.88,0.50,1.00,4.20,-2.59,1.00,7.48,2.47,1.00,2.23,-3.31,1.00,8.20
8,20,232,16.90,1.00,24.70,1.00,-9999.00,-9999.00,-9999.00,-9999.00,0.00,44.93,25.68,1.00,90.79,1.00,4.70,5.33,-0.96,1.00,5.67,0.03,1.00,5.30,-0.44,1.00,5.15,-0.96,1.00,6.30
8,21,233,23.37,1.00,27.10,1.00,-9999.00,-9999.00,-9999.00,-9999.00,0.00,44.35,31.07,1.00,134.11,1.00,4.33,5.39,-0.11,1.00,4.44,0.43,1.00,4.96,0.12,1.00,4.21,0.18,1.00,5.21
8,22,234,24.48,1.00,27.67,1.00,-9999.00,-9999.00,-9999.00,-9999.00,0.25,43.91,33.55,1.00,132.50,1.00,4.39,5.86,-0.73,1.00,5.12,-0.31,1.00,6.17,-0.94,1.00,5.33,-0.31,1.00,6.17
8,23,235,21.88,1.00,27.32,1.00,-9999.00,-9999.00,-9999.00,-9999.00,3.05,43.54,36.71,1.00,141.12,1.00,4.86,6.30,-1.49,1.00,6.35,-2.33,1.00,8.63,-1.72,1.00,6.58,-1.25,1.00,7.55
8,24,236,18.73,1.00,26.15,1.00,-9999.00,-9999.00,-9999.00,-9999.00,0.00,42.45,25.25,1.00,114.46,1.00,5.03,6.38,-1.78,1.00,6.81,-1.74,1.00,8.12,-1.25,1.00,6.28,-2.11,1.00,8.49
8,25,237,20.09,1.00,26.72,1.00,-9999.00,-9999.00,-9999.00,-9999.00,0.00,42.25,31.07,1.00,127.08,1.00,4.22,5.60,-2.20,1.00,6.42,-2.32,1.00,7.92,-1.67,1.00,5.89,-1.50,1.00,7.10
8,26,238,18.32,1.00,26.07,1.00,-9999.00,-9999.00,-9999.00,-9999.00,7.37,42.83,25.39,1.00,132.62,1.00,4.04,4.79,-1.63,1.00,5.67,-1.14,1.00,5.93,-1.38,1.00,5.41,-1.16,1.00,5.96
8,27,239,20.72,1.00,25.53,1.00,-9999.00,-9999.00,-9999.00,-9999.00,0.25,43.44,35.69,1.00,150.79,1.00,3.80,4.52,-1.30,1.00,5.10,-0.05,1.00,4.56,-0.62,1.00,4.42,-0.28,1.00,4.80
8,28,240,18.39,1.00,25.68,1.00,-9999.00,-9999.00,-9999.00,-9999.00,4.19,44.19,30.75,1.00,115.09,1.00,4.10,4.69,-2.94,1.00,7.04,-2.33,1.00,7.02,-2.21,1.00,6.31,-2.36,1.00,7.05
8,29,241,19.19,1.00,26.22,1.00,-9999.00,-9999.00,-9999.00,-9999.00,0.00,44.22,37.76,1.00,130.07,1.00,4.17,4.89,-2.40,1.00,6.57,-2.99,1.00,7.88,-1.86,1.00,6.03,-2.41,1.00,7.30
8,30,242,13.19,1.00,25.27,1.00,-9999.00,-9999.00,-9999.00,-9999.00,3.68,43.82,18.66,1.00,102.65,1.00,4.16,5.15,-0.39,1.00,4.55,-0.84,1.00,5.99,0.60,1.00,3.56,-0.85,1.00,5.99
8,31,243,15.18,1.00,24.48,1.00,-9999.00,-9999.00,-9999.00,-9999.00,0.76,41.90,53.11,1.00,97.13,1.00,3.24,4.95,-1.96,1.00,5.20,-3.54,1.00,8.49,-0.87,1.00,4.10,-3.13,1.00,8.08
9,1,244,19.00,1.00,24.00,1.00,-9999.00,-9999.00,-9999.00,-9999.00,4.57,36.03,40.36,1.00,132.96,1.00,2.43,4.63,-1.96,1.00,4.39,-2.00,1.00,6.63,-0.20,1.00,2.64,-2.12,1.00,6.76
9,2,245,22.46,1.00,26.27,1.00,-9999.00,-9999.00,-9999.00,-9999.00,1.71,34.74,42.79,1.00,174.08,1.00,5.03,5.75,-3.20,1.00,8.23,-1.41,1.00,7.16,-2.16,1.00,7.19,-1.51,1.00,7.26
9,3,246,19.94,1.00,25.53,1.00,-9999.00,-9999.00,-9999.00,-9999.00,4.25,31.46,41.38,1.00,143.00,1.00,5.42,5.56,-3.39,1.00,8.81,-1.31,1.00,6.87,-2.07,1.00,7.49,-0.61,1.00,6.17
9,4,247,16.49,1.00,26.42,1.00,-9999.00,-9999.00,-9999.00,-9999.00,0.00,34.85,15.88,1.00,116.24,1.00,5.80,5.52,-2.00,1.00,7.80,-0.95,1.00,6.46,-1.05,1.00,6.85,-0.69,1.00,6.21
9,5,248,17.04,1.00,26.03,1.00,-9999.00,-9999.00,-9999.00,-9999.00,0.00,36.86,19.59,1.00,120.05,1.00,5.45,5.03,-1.59,1.00,7.03,-2.21,1.00,7.24,-0.69,1.00,6.14,-1.96,1.00,6.99
9,6,249,20.15,1.00,26.73,1.00,-9999.00,-9999.00,-9999.00,-9999.00,0.00,38.19,25.43,1.00,112.84,1.00,5.47,5.00,-2.12,1.00,7.59,-2.36,1.00,7.36,-1.57,1.00,7.04,-2.33,1.00,7.33
9,7,250,20.49,1.00,26.66,1.00,-9999.00,-9999.00,-9999.00,-9999.00,0.89,39.01,30.80,1.00,145.71,1.00,5.27,4.59,-4.10,1.00,9.36,-4.16,1.00,8.76,-3.15,1.00,8.42,-3.78,1.00,8.37
9,8,251,19.17,1.00,26.61,1.00,-9999.00,-9999.00,-9999.00,-9999.00,0.00,39.66,26.29,1.00,126.01,1.00,5.07,4.44,-3.62,1.00,8.70,-4.06,1.00,8.50,-2.63,1.00,7.70,-4.06,1.00,8.50
9,9,252,21.38,1.00,26.67,1.00,-9999.00,-9999.00,-9999.00,-9999.00,0.00,40.32,24.18,1.00,135.25,1.00,3.98,4.11,-3.08,1.00,7.06,-2.88,1.00,6.98,-2.10,1.00,6.08,-2.76,1.00,6.87
9,10,253,20.31,1.00,26.81,1.00,-9999.00,-9999.00,-9999.00,-9999.00,0.00,40.88,29.82,1.00,145.40,1.00,4.24,4.17,-2.98,1.00,7.22,-1.38,1.00,5.54,-2.28,1.00,6.51,-1.39,1.00,5.55
9,11,254,8.90,1.00,25.01,1.00,-9999.00,-9999.00,-9999.00,-9999.00,7.62,41.11,2.40,1.00,51.69,1.00,4.22,4.11,0.19,1.00,4.03,-1.78,1.00,5.89,2.09,1.00,2.13,-1.47,1.00,5.58
9,12,255,16.74,1.00,25.67,1.00,-9999.00,-9999.00,-9999.00,-9999.00,0.32,40.49,21.86,1.00,122.44,1.00,4.16,4.52,-3.23,1.00,7.40,-4.59,1.00,9.11,-1.84,1.00,6.00,-4.15,1.00,8.68
9,13,256,18.89,1.00,25.22,1.00,-9999.00,-9999.00,-9999.00,-9999.00,3.75,37.93,35.03,1.00,120.53,1.00,3.80,4.79,-4.25,1.00,8.05,-3.63,1.00,8.42,-3.04,1.00,6.84,-3.72,1.00,8.51
9,14,257,19.52,1.00,25.85,1.00,-9999.00,-9999.00,-9999.00,-9999.00,0.38,37.57,37.72,1.00,125.01,1.00,3.21,4.88,-2.33,1.00,5.55,-2.30,1.00,7.18,-1.47,1.00,4.69,-1.88,1.00,6.76
9,15,258,19.93,1.00,27.18,1.00,-9999.00,-9999.00,-9999.00,-9999.00,0.00,38.76,29.85,1.00,140.11,1.00,3.44,4.89,-2.35,1.00,5.79,-2.42,1.00,7.31,-2.06,1.00,5.50,-2.04,1.00,6.94
9,16,259,21.89,1.00,27.53,1.00,-9999.00,-9999.00,-9999.00,-9999.00,0.00,39.77,38.02,1.00,150.90,1.00,4.23,5.06,-2.79,1.00,7.01,-0.95,1.00,6.02,-2.91,1.00,7.14,-0.63,1.00,5.69
9,17,260,9.89,1.00,25.51,1.00,-9999.00,-9999.00,-9999.00,-9999.00,84.33,29.63,9.20,1.00,62.04,1.00,5.38,5.49,0.65,1.00,4.73,-2.00,1.00,7.49,1.26,1.00,4.12,-0.98,1.00,6.47
9,18,261,20.84,1.00,27.12,1.00,-9999.00,-9999.00,-9999.00,-9999.00,0.00,33.27,26.82,1.00,127.78,1.00,5.61,5.84,-3.09,1.00,8.70,-3.41,1.00,9.25,-3.29,1.00,8.90,-3.32,1.00,9.16
9,19,262,19.47,1.00,27.37,1.00,-9999.00,-9999.00,-9999.00,-9999.00,0.00,36.06,30.30,1.00,129.98,1.00,5.45,5.94,-1.03,1.00,6.47,-1.25,1.00,7.19,-1.20,1.00,6.65,-1.25,1.00,7.19
9,20,263,20.52,1.00,27.00,1.00,-9999.00,-9999.00,-9999.00,-9999.00,0.00,37.61,39.15,1.00,149.23,1.00,5.42,5.88,-3.27,1.00,8.69,-4.10,1.00,9.98,-3.35,1.00,8.77,-4.07,1.00,9.95
9,21,264,19.00,1.00,26.88,1.00,-9999.00,-9999.00,-9999.00,-9999.00,0.00,38.67,18.91,1.00,119.59,1.00,5.42,5.88,-2.89,1.00,8.31,-3.35,1.00,9.23,-2.65,1.00,8.06,-3.25,1.00,9.13
9,22,265,19.35,1.00,26.67,1.00,-9999.00,-9999.00,-9999.00,-9999.00,0.25,39.55,26.13,1.00,135.18,1.00,5.55,5.94,-3.96,1.00,9.52,-4.78,1.00,10.72,-3.79,1.00,9.34,-4.68,1.00,10.62
9,23,266,22.06,1.00,27.96,1.00,-9999.00,-9999.00,-9999.00,-9999.00,0.00,40.19,36.73,1.00,132.95,1.00,6.27,6.55,-2.32,1.00,8.60,-4.01,1.00,10.56,-2.91,1.00,9.19,-2.25,1.00,8.80
9,24,267,18.87,1.00,28.09,1.00,-9999.00,-9999.00,-9999.00,-9999.00,0.00,40.84,26.06,1.00,123.59,1.00,5.91,6.71,-2.23,1.00,8.14,-3.05,1.00,9.76,-3.19,1.00,9.10,-1.37,1.00,8.08
9,25,268,15.11,1.00,26.97,1.00,-9999.00,-9999.00,-9999.00,-9999.00,0.00,41.33,19.45,1.00,88.86,1.00,5.28,5.89,-0.25,1.00,5.53,-1.02,1.00,6.91,-1.24,1.00,6.52,-1.40,1.00,7.29
9,26,269,18.95,1.00,27.16,1.00,-9999.00,-9999.00,-9999.00,-9999.00,0.00,41.72,25.43,1.00,126.02,1.00,4.66,4.80,-2.44,1.00,7.10,-3.12,1.00,7.92,-2.78,1.00,7.44,-2.83,1.00,7.63
9,27,270,18.80,1.00,27.21,1.00,-9999.00,-9999.00,-9999.00,-9999.00,0.00,42.18,24.89,1.00,126.21,1.00,5.53,5.15,-2.75,1.00,8.29,-3.34,1.00,8.50,-2.80,1.00,8.34,-2.88,1.00,8.03
9,28,271,18.51,1.00,27.19,1.00,-9999.00,-9999.00,-9999.00,-9999.00,0.00,42.36,23.41,1.00,121.45,1.00,6.31,3.95,-2.80,1.00,9.10,-3.11,1.00,7.06,-2.74,1.00,9.05,-2.87,1.00,6.81
9,29,272,18.98,1.00,27.47,1.00,-9999.00,-9999.00,-9999.00,-9999.00,0.00,42.30,25.92,1.00,124.42,1.00,6.50,4.73,-2.70,1.00,9.19,-2.82,1.00,7.54,-3.20,1.00,9.70,-3.08,1.00,7.81
9,30,273,22.69,1.00,27.88,1.00,-9999.00,-9999.00,-9999.00,-9999.00,0.00,43.38,36.89,1.00,135.48,1.00,6.44,5.40,-1.89,1.00,8.32,-1.74,1.00,7.14,-2.10,1.00,8.54,-1.79,1.00,7.18
10,1,274,20.52,1.00,28.03,1.00,-9999.00,-9999.00,-9999.00,-9999.00,0.00,43.73,27.75,1.00,132.94,1.00,6.42,5.69,-1.86,1.00,8.28,-2.30,1.00,8.00,-2.78,1.00,9.20,-2.10,1.00,7.79
10,2,275,15.35,1.00,26.60,1.00,-9999.00,-9999.00,-9999.00,-9999.00,0.00,44.07,10.60,1.00,112.93,1.00,6.44,5.68,-3.52,1.00,9.96,-4.32,1.00,10.01,-3.61,1.00,10.06,-4.27,1.00,9.96
10,3,276,15.46,1.00,25.92,1.00,-9999.00,-9999.00,-9999.00,-9999.00,11.68,43.98,20.23,1.00,101.53,1.00,6.62,5.35,-1.74,1.00,8.35,-2.81,1.00,8.16,-1.40,1.00,8.02,-2.86,1.00,8.21
10,4,277,18.13,1.00,27.28,1.00,-9999.00,-9999.00,-9999.00,-9999.00,0.00,40.52,18.23,1.00,125.74,1.00,6.52,5.24,-3.28,1.00,9.79,-2.42,1.00,7.66,-3.78,1.00,10.30,-2.24,1.00,7.48
10,5,278,20.34,1.00,27.10,1.00,-9999.00,-9999.00,-9999.00,-9999.00,0.00,40.72,29.98,1.00,136.08,1.00,6.24,4.82,-4.11,1.00,10.36,-3.14,1.00,7.96,-3.97,1.00,10.22,-3.49,1.00,8.31
10,6,279,21.37,1.00,27.80,1.00,-9999.00,-9999.00,-9999.00,-9999.00,0.00,41.39,31.32,1.00,116.70,1.00,6.06,5.22,-2.13,1.00,8.19,-2.63,1.00,7.85,-2.97,1.00,9.03,-2.79,1.00,8.00
10,7,280,18.26,1.00,27.57,1.00,-9999.00,-9999.00,-9999.00,-9999.00,0.00,41.98,24.21,1.00,118.19,1.00,5.92,5.10,-2.93,1.00,8.85,-4.00,1.00,9.10,-3.42,1.00,9.34,-3.62,1.00,8.72
10,8,281,18.76,1.00,27.63,1.00,-9999.00,-9999.00,-9999.00,-9999.00,0.00,42.47,23.11,1.00,137.26,1.00,5.61,5.07,-4.04,1.00,9.66,-3.97,1.00,9.04,-3.85,1.00,9.46,-4.01,1.00,9.08
10,9,282,16.61,1.00,27.11,1.00,-9999.00,-9999.00,-9999.00,-9999.00,0.00,42.95,18.09,1.00,112.79,1.00,5.73,4.98,-3.73,1.00,9.47,-4.20,1.00,9.18,-3.94,1.00,9.67,-4.11,1.00,9.09
10,10,283,14.04,1.00,26.66,1.00,-9999.00,-9999.00,-9999.00,-9999.00,0.00,43.39,10.18,1.00,99.47,1.00,5.45,4.72,-3.28,1.00,8.73,-2.48,1.00,7.20,-3.14,1.00,8.59,-2.74,1.00,7.46
10,11,284,18.48,1.00,27.13,1.00,-9999.00,-9999.00,-9999.00,-9999.00,0.00,43.76,19.00,1.00,128.14,1.00,5.36,4.80,-4.16,1.00,9.52,-4.56,1.00,9.35,-4.24,1.00,9.60,-4.59,1.00,9.38
10,12,285,21.04,1.00,27.62,1.00,-9999.00,-9999.00,-9999.00,-9999.00,0.00,44.12,38.80,1.00,161.92,1.00,5.42,5.16,-2.56,1.00,7.98,-3.49,1.00,8.65,-2.58,1.00,8.00,-3.55,1.00,8.71
10,13,286,15.60,1.00,25.76,1.00,-9999.00,-9999.00,-9999.00,-9999.00,0.25,44.45,17.92,1.00,97.33,1.00,5.58,4.98,-3.87,1.00,9.46,-2.99,1.00,7.97,-3.76,1.00,9.34,-2.99,1.00,7.97
10,14,287,12.37,1.00,25.95,1.00,-9999.00,-9999.00,-9999.00,-9999.00,2.03,44.62,2.72,1.00,106.62,1.00,5.57,4.96,-1.40,1.00,6.96,-2.39,1.00,7.35,-0.83,1.00,6.40,-2.68,1.00,7.64
10,15,288,8.95,1.00,24.21,1.00,-9999.00,-9999.00,-9999.00,-9999.00,9.27,44.50,4.96,1.00,70.38,1.00,5.53,4.95,-0.09,1.00,5.62,-3.80,1.00,8.75,1.36,1.00,4.17,-3.83,1.00,8.78
10,16,289,20.89,1.00,26.31,1.00,-9999.00,-9999.00,-9999.00,-9999.00,7.18,43.80,34.56,1.00,142.31,1.00,5.74,5.04,-1.52,1.00,7.26,-2.15,1.00,7.19,-0.90,1.00,6.63,-2.81,1.00,7.85
10,17,290,3.81,1.00,23.07,1.00,-9999.00,-9999.00,-9999.00,-9999.00,21.08,29.48,-4.78,1.00,25.85,1.00,5.58,4.51,3.40,1.00,2.18,-1.59,1.00,6.10,5.03,1.00,0.55,-1.59,1.00,6.10
10,18,291,20.39,1.00,25.21,1.00,-9999.00,-9999.00,-9999.00,-9999.00,7.43,31.23,41.76,1.00,127.01,1.00,5.91,4.81,-3.40,1.00,9.31,-4.03,1.00,8.84,-2.88,1.00,8.80,-4.03,1.00,8.84
10,19,292,20.44,1.00,26.85,1.00,-9999.00,-9999.00,-9999.00,-9999.00,0.00,32.07,27.10,1.00,150.68,1.00,5.81,5.05,-2.40,1.00,8.21,-2.36,1.00,7.40,-2.68,1.00,8.50,-2.22,1.00,7.27
10,20,293,19.77,1.00,27.28,1.00,-9999.00,-9999.00,-9999.00,-9999.00,0.25,35.85,27.28,1.00,137.51,1.00,6.49,5.21,-3.11,1.00,9.60,-3.95,1.00,9.16,-3.96,1.00,10.45,-3.93,1.00,9.15
10,21,294,17.85,1.00,27.30,1.00,-9999.00,-9999.00,-9999.00,-9999.00,0.00,37.55,24.49,1.00,111.24,1.00,6.98,5.91,-1.83,1.00,8.81,-3.10,1.00,9.00,-2.77,1.00,9.76,-2.56,1.00,8.46
10,22,295,17.11,1.00,26.66,1.00,-9999.00,-9999.00,-9999.00,-9999.00,2.29,38.63,20.04,1.00,106.62,1.00,6.77,6.06,-2.33,1.00,9.11,-4.77,1.00,10.84,-2.81,1.00,9.59,-4.66,1.00,10.72
10,23,296,20.38,1.00,26.75,1.00,-9999.00,-9999.00,-9999.00,-9999.00,0.00,39.24,21.81,1.00,127.31,1.00,6.78,5.34,-1.98,1.00,8.76,-2.24,1.00,7.59,-2.18,1.00,8.96,-2.25,1.00,7.60
10,24,297,19.66,1.00,26.76,1.00,-9999.00,-9999.00,-9999.00,-9999.00,0.00,39.84,19.09,1.00,126.27,1.00,6.79,5.53,-1.84,1.00,8.63,-0.72,1.00,6.25,-1.49,1.00,8.27,-0.72,1.00,6.25
10,25,298,21.97,1.00,26.71,1.00,-9999.00,-9999.00,-9999.00,-9999.00,0.00,40.44,25.95,1.00,148.73,1.00,6.86,5.60,-3.68,1.00,10.54,-1.66,1.00,7.26,-3.48,1.00,10.34,-1.66,1.00,7.26
10,26,299,20.88,1.00,27.27,1.00,-9999.00,-9999.00,-9999.00,-9999.00,0.00,40.97,30.78,1.00,133.03,1.00,6.89,5.90,-3.51,1.00,10.39,-4.81,1.00,10.70,-4.06,1.00,10.95,-5.32,1.00,11.21
10,27,300,15.75,1.00,26.91,1.00,-9999.00,-9999.00,-9999.00,-9999.00,0.25,41.43,17.66,1.00,104.91,1.00,6.95,6.10,-2.70,1.00,9.65,-5.25,1.00,11.36,-2.96,1.00,9.91,-5.26,1.00,11.37
10,28,301,17.85,1.00,27.09,1.00,-9999.00,-9999.00,-9999.00,-9999.00,0.00,41.86,15.72,1.00,122.26,1.00,6.54,6.20,-3.20,1.00,9.74,-3.33,1.00,9.53,-3.34,1.00,9.87,-3.33,1.00,9.53
10,29,302,15.13,1.00,27.04,1.00,-9999.00,-9999.00,-9999.00,-9999.00,0.25,42.28,14.38,1.00,103.31,1.00,5.78,5.56,-2.85,1.00,8.64,-2.98,1.00,8.54,-3.12,1.00,8.90,-3.36,1.00,8.92
10,30,303,15.57,1.00,26.69,1.00,-9999.00,-9999.00,-9999.00,-9999.00,0.00,42.65,24.24,1.00,103.12,1.00,5.84,5.24,-3.25,1.00,9.09,-3.87,1.00,9.11,-3.63,1.00,9.47,-4.53,1.00,9.78
10,31,304,14.46,1.00,26.82,1.00,-9999.00,-9999.00,-9999.00,-9999.00,0.00,43.03,23.41,1.00,92.31,1.00,6.00,5.76,-2.11,1.00,8.11,-2.44,1.00,8.21,-1.89,1.00,7.89,-2.45,1.00,8.22
11,1,305,16.36,1.00,26.67,1.00,-9999.00,-9999.00,-9999.00,-9999.00,0.00,43.31,18.76,1.00,100.61,1.00,5.29,5.92,-4.38,1.00,9.67,-5.32,1.00,11.24,-3.99,1.00,9.29,-5.43,1.00,11.35
11,2,306,15.79,1.00,26.05,1.00,-9999.00,-9999.00,-9999.00,-9999.00,2.54,43.56,19.44,1.00,93.46,1.00,3.05,6.05,-3.60,1.00,6.65,-3.47,1.00,9.52,-2.76,1.00,5.82,-3.78,1.00,9.83
11,3,307,12.98,1.00,24.46,1.00,-9999.00,-9999.00,-9999.00,-9999.00,7.49,43.57,19.46,1.00,68.98,1.00,3.04,5.83,-1.76,1.00,4.79,-2.88,1.00,8.71,-0.39,1.00,3.43,-3.14,1.00,8.97
11,4,308,13.73,1.00,24.87,1.00,-9999.00,-9999.00,-9999.00,-9999.00,0.00,42.42,22.49,1.00,85.75,1.00,3.27,5.81,-1.77,1.00,5.04,-2.58,1.00,8.39,-0.27,1.00,3.53,-2.64,1.00,8.45
11,5,309,3.08,1.00,22.57,1.00,-9999.00,-9999.00,-9999.00,-9999.00,52.58,30.33,-2.69,1.00,15.99,1.00,4.51,4.86,2.73,1.00,1.78,-2.69,1.00,7.54,5.22,1.00,-0.71,-2.81,1.00,7.67
11,6,310,20.90,1.00,26.10,1.00,-9999.00,-9999.00,-9999.00,-9999.00,0.00,32.94,37.49,1.00,152.39,1.00,6.01,5.55,-1.32,1.00,7.33,-0.84,1.00,6.39,-1.78,1.00,7.79,-0.75,1.00,6.30
11,7,311,21.12,1.00,28.11,1.00,-9999.00,-9999.00,-9999.00,-9999.00,0.00,36.01,35.29,1.00,128.26,1.00,6.15,6.05,-0.91,1.00,7.06,-0.03,1.00,6.09,-3.32,1.00,9.47,-2.00,1.00,8.05
11,8,312,18.61,1.00,27.36,1.00,-9999.00,-9999.00,-9999.00,-9999.00,0.00,37.53,30.35,1.00,119.44,1.00,5.53,6.07,-1.53,1.00,7.06,-1.96,1.00,8.02,-2.63,1.00,8.16,-2.09,1.00,8.16
11,9,313,6.90,1.00,23.37,1.00,-9999.00,-9999.00,-9999.00,-9999.00,5.33,38.36,-4.13,1.00,65.64,1.00,4.63,4.77,-0.80,1.00,5.43,-2.15,1.00,6.92,0.60,1.00,4.03,-2.15,1.00,6.92
11,10,314,15.68,1.00,25.19,1.00,-9999.00,-9999.00,-9999.00,-9999.00,4.06,37.96,24.01,1.00,128.14,1.00,5.10,4.72,-3.26,1.00,8.36,-3.19,1.00,7.91,-2.79,1.00,7.88,-3.20,1.00,7.92
11,11,315,18.02,1.00,26.89,1.00,-9999.00,-9999.00,-9999.00,-9999.00,0.00,36.11,21.25,1.00,117.84,1.00,5.33,4.63,-2.02,1.00,7.35,-1.78,1.00,6.40,-1.96,1.00,7.29,-1.61,1.00,6.24
11,12,316,16.88,1.00,26.95,1.00,-9999.00,-9999.00,-9999.00,-9999.00,0.00,37.50,18.09,1.00,122.23,1.00,5.29,4.67,-3.85,1.00,9.14,-2.67,1.00,7.34,-4.25,1.00,9.54,-3.19,1.00,7.86
11,13,317,12.62,1.00,25.64,1.00,-9999.00,-9999.00,-9999.00,-9999.00,1.02,38.54,14.32,1.00,90.93,1.00,4.84,4.88,-2.21,1.00,7.04,-1.67,1.00,6.55,-1.46,1.00,6.29,-1.67,1.00,6.55
11,14,318,16.55,1.00,26.07,1.00,-9999.00,-9999.00,-9999.00,-9999.00,0.00,39.27,24.12,1.00,129.37,1.00,4.28,4.60,-4.77,0.98,9.05,-6.74,0.98,11.34,-3.66,1.00,7.94,-6.47,1.00,11.07
11,15,319,16.96,1.00,26.04,1.00,-9999.00,-9999.00,-9999.00,-9999.00,0.00,39.92,25.13,1.00,114.23,1.00,4.25,4.25,-3.66,1.00,7.91,-3.86,1.00,8.11,-2.88,1.00,7.13,-5.15,1.00,9.40
11,16,320,16.89,1.00,27.02,1.00,-9999.00,-9999.00,-9999.00,-9999.00,0.00,40.43,23.42,1.00,120.97,1.00,4.83,4.14,-3.45,0.98,8.28,-3.52,0.98,7.66,-3.95,1.00,8.79,-5.71,1.00,9.84
11,17,321,13.34,1.00,26.02,1.00,-9999.00,-9999.00,-9999.00,-9999.00,1.78,40.83,14.80,1.00,96.16,1.00,6.51,5.32,-1.25,0.96,7.75,-0.72,0.96,6.04,-0.54,1.00,7.04,-3.20,1.00,8.51
11,18,322,14.43,1.00,26.20,1.00,-9999.00,-9999.00,-9999.00,-9999.00,0.51,41.01,17.82,1.00,100.96,1.00,6.47,5.43,-3.45,1.00,9.92,-3.26,1.00,8.69,-2.44,1.00,8.90,-4.62,1.00,10.05
11,19,323,16.14,1.00,25.91,1.00,-9999.00,-9999.00,-9999.00,-9999.00,6.60,41.21,32.81,1.00,102.95,1.00,6.12,5.23,-3.40,0.94,9.52,-4.24,0.94,9.47,-1.95,1.00,8.07,-4.76,1.00,9.99
11,20,324,14.07,1.00,25.43,1.00,-9999.00,-9999.00,-9999.00,-9999.00,0.00,40.65,16.80,1.00,114.88,1.00,5.77,5.01,-1.65,0.79,7.41,-4.58,0.83,9.59,-0.73,1.00,6.50,-3.95,1.00,8.96
11,21,325,14.93,1.00,25.22,1.00,-9999.00,-9999.00,-9999.00,-9999.00,0.00,40.48,24.26,1.00,115.52,1.00,5.42,4.84,-1.24,0.08,6.66,-3.95,0.21,8.79,-0.26,1.00,5.67,-3.71,1.00,8.54
11,22,326,17.46,1.00,26.26,1.00,-9999.00,-9999.00,-9999.00,-9999.00,0.00,40.83,27.44,1.00,123.85,1.00,5.07,4.84,-3.46,0.00,8.53,-3.87,0.00,8.71,-3.18,1.00,8.25,-5.80,1.00,10.65
11,23,327,18.59,1.00,26.94,1.00,-9999.00,-9999.00,-9999.00,-9999.00,0.00,41.23,32.47,1.00,116.74,1.00,4.72,4.79,-3.46,0.00,8.18,-3.62,0.00,8.41,-3.37,1.00,8.09,-4.71,1.00,9.50
11,24,328,16.44,1.00,26.17,1.00,-9999.00,-9999.00,-9999.00,-9999.00,0.00,41.63,23.88,1.00,112.17,1.00,4.37,4.53,-2.61,0.00,6.98,-2.90,0.00,7.43,-2.34,1.00,6.71,-4.14,1.00,8.67
11,25,329,14.65,1.00,25.99,1.00,-9999.00,-9999.00,-9999.00,-9999.00,7.11,41.92,11.90,1.00,87.41,1.00,4.02,4.35,-1.23,0.54,5.25,-2.40,0.54,6.75,-1.57,1.00,5.59,-4.08,1.00,8.43
11,26,330,16.09,1.00,26.45,1.00,-9999.00,-9999.00,-9999.00,-9999.00,0.00,41.49,16.21,1.00,127.92,1.00,3.67,4.27,-3.05,0.94,6.73,-3.13,0.94,7.40,-2.49,1.00,6.16,-4.69,1.00,8.96
11,27,331,14.13,1.00,26.27,1.00,-9999.00,-9999.00,-9999.00,-9999.00,1.78,41.38,10.03,1.00,100.40,1.00,3.32,4.09,-1.29,0.98,4.61,-1.56,0.98,5.66,-2.16,1.00,5.48,-3.91,1.00,8.01
11,28,332,15.77,1.00,26.33,1.00,-9999.00,-9999.00,-9999.00,-9999.00,4.32,41.43,19.50,1.00,107.08,1.00,2.97,3.95,-1.87,0.94,4.84,-2.30,0.94,6.25,-2.43,1.00,5.40,-4.16,1.00,8.11
11,29,333,16.69,1.00,26.85,1.00,-9999.00,-9999.00,-9999.00,-9999.00,0.00,40.06,19.55,1.00,113.46,1.00,2.83,4.06,-2.46,0.98,5.30,-3.24,0.98,7.30,-3.86,1.00,6.70,-4.87,1.00,8.93
11,30,334,15.86,1.00,26.94,1.00,-9999.00,-9999.00,-9999.00,-9999.00,0.00,40.17,14.56,1.00,115.42,1.00,3.95,5.19,-2.30,1.00,6.24,-3.17,1.00,8.36,-3.95,1.00,7.89,-4.83,1.00,10.02
12,1,335,15.53,1.00,26.92,1.00,-9999.00,-9999.00,-9999.00,-9999.00,0.00,40.69,17.37,1.00,116.52,1.00,5.21,5.81,-2.51,1.00,7.72,-3.08,1.00,8.89,-3.70,1.00,8.91,-4.67,1.00,10.48
12,2,336,14.04,1.00,26.63,1.00,-9999.00,-9999.00,-9999.00,-9999.00,0.00,41.21,5.95,1.00,101.40,1.00,5.17,4.81,-1.42,1.00,6.59,-2.00,1.00,6.80,-1.72,1.00,6.88,-2.61,1.00,7.42
12,3,337,16.05,1.00,26.09,1.00,-9999.00,-9999.00,-9999.00,-9999.00,0.00,41.69,15.96,1.00,115.13,1.00,5.13,4.57,-3.43,1.00,8.56,-3.01,1.00,7.58,-2.78,1.00,7.91,-3.07,1.00,7.64
12,4,338,14.84,1.00,26.08,1.00,-9999.00,-9999.00,-9999.00,-9999.00,0.00,42.11,15.12,1.00,105.21,1.00,5.21,4.51,-0.87,1.00,6.08,-2.04,1.00,6.55,-1.18,1.00,6.39,-2.32,1.00,6.83
12,5,339,14.10,1.00,26.36,1.00,-9999.00,-9999.00,-9999.00,-9999.00,0.25,42.52,15.30,1.00,110.62,1.00,5.63,4.21,-3.69,1.00,9.32,-5.63,1.00,9.84,-3.17,1.00,8.81,-5.78,1.00,9.99
12,6,340,17.68,1.00,26.87,1.00,-9999.00,-9999.00,-9999.00,-9999.00,0.25,42.93,29.79,1.00,120.34,1.00,5.77,4.45,-0.85,0.98,6.62,-1.88,1.00,6.33,-1.83,1.00,7.59,-3.49,1.00,7.94
12,7,341,17.03,0.98,26.46,1.00,-9999.00,-9999.00,-9999.00,-9999.00,0.25,43.29,23.16,1.00,114.19,1.00,6.71,4.42,-3.35,0.92,10.06,-3.64,0.92,8.06,-3.43,1.00,10.14,-5.46,1.00,9.88
12,8,342,17.48,1.00,26.99,1.00,-9999.00,-9999.00,-9999.00,-9999.00,0.25,43.68,20.76,1.00,142.43,1.00,6.51,4.14,-3.21,0.92,9.72,-4.13,0.96,8.27,-2.83,1.00,9.34,-3.74,1.00,7.88
12,9,343,16.35,1.00,26.07,1.00,-9999.00,-9999.00,-9999.00,-9999.00,23.94,42.82,23.36,1.00,129.39,1.00,5.80,3.46,-1.62,1.00,7.42,-1.16,1.00,4.63,-1.42,1.00,7.21,-1.32,1.00,4.79
12,10,344,14.92,1.00,26.34,1.00,-9999.00,-9999.00,-9999.00,-9999.00,0.06,37.45,7.41,1.00,116.94,1.00,6.37,3.49,-2.08,0.98,8.46,-1.32,1.00,4.81,-2.92,1.00,9.29,-1.46,1.00,4.95
12,11,345,12.37,1.00,26.10,1.00,-9999.00,-9999.00,-9999.00,-9999.00,0.00,38.65,8.84,1.00,95.55,1.00,6.17,3.78,-2.42,1.00,8.59,-4.56,1.00,8.34,-3.82,1.00,9.99,-5.21,1.00,9.00
12,12,346,15.35,1.00,26.53,1.00,-9999.00,-9999.00,-9999.00,-9999.00,0.25,39.58,12.62,1.00,111.62,1.00,6.79,4.53,-2.93,1.00,9.73,-3.93,1.00,8.46,-4.53,1.00,11.33,-4.18,1.00,8.70
12,13,347,13.81,1.00,25.69,1.00,-9999.00,-9999.00,-9999.00,-9999.00,0.51,40.36,15.23,1.00,94.28,1.00,7.07,5.06,-2.72,1.00,9.78,-5.75,1.00,10.81,-3.25,1.00,10.32,-6.29,1.00,11.34
12,14,348,13.91,1.00,25.35,1.00,-9999.00,-9999.00,-9999.00,-9999.00,1.08,40.90,15.68,1.00,94.33,1.00,7.24,5.08,-3.31,1.00,10.55,-4.51,1.00,9.59,-3.63,1.00,10.87,-4.70,1.00,9.78
12,15,349,15.03,1.00,24.47,1.00,-9999.00,-9999.00,-9999.00,-9999.00,5.65,41.22,22.78,1.00,99.68,1.00,7.28,4.84,-1.78,1.00,9.06,-1.63,1.00,6.47,-1.73,1.00,9.02,-1.67,1.00,6.51
12,16,350,17.26,1.00,25.58,1.00,-9999.00,-9999.00,-9999.00,-9999.00,0.00,40.45,21.04,1.00,142.93,1.00,7.33,5.15,-1.66,1.00,8.99,-1.88,1.00,7.03,-1.13,1.00,8.46,-1.88,1.00,7.03
12,17,351,16.89,1.00,25.75,1.00,-9999.00,-9999.00,-9999.00,-9999.00,0.00,40.82,26.67,1.00,114.57,1.00,7.10,5.66,-2.70,1.00,9.80,-4.43,1.00,10.08,-3.18,1.00,10.28,-4.43,1.00,10.08
12,18,352,15.32,1.00,26.15,1.00,-9999.00,-9999.00,-9999.00,-9999.00,0.00,40.95,20.08,1.00,111.42,1.00,6.83,6.21,-2.79,1.00,9.62,-3.96,1.00,10.17,-2.94,1.00,9.77,-4.55,1.00,10.76
12,19,353,13.16,1.00,26.00,1.00,-9999.00,-9999.00,-9999.00,-9999.00,0.00,41.61,17.04,1.00,109.20,1.00,6.80,6.33,-1.95,1.00,8.75,-4.54,1.00,10.87,-1.81,1.00,8.60,-4.85,1.00,11.18
12,20,354,14.62,1.00,25.58,1.00,-9999.00,-9999.00,-9999.00,-9999.00,4.32,40.98,20.42,0.94,112.68,0.94,5.83,6.04,-2.09,1.00,7.92,-1.64,1.00,7.67,-1.38,1.00,7.20,-2.02,1.00,8.06
12,21,355,14.03,1.00,25.53,1.00,-9999.00,-9999.00,-9999.00,-9999.00,2.54,41.25,20.05,1.00,115.00,1.00,3.75,5.52,-2.27,1.00,6.02,-1.89,1.00,7.41,-1.76,1.00,5.51,-2.60,1.00,8.13
12,22,356,14.08,1.00,25.46,1.00,-9999.00,-9999.00,-9999.00,-9999.00,4.06,41.36,16.89,1.00,113.28,1.00,4.03,5.32,-1.27,1.00,5.30,-2.96,1.00,8.28,-1.27,1.00,5.29,-3.93,1.00,9.25
12,23,357,15.19,1.00,25.80,1.00,-9999.00,-9999.00,-9999.00,-9999.00,0.51,40.07,21.54,0.96,129.52,0.96,4.52,5.15,-2.45,1.00,6.97,-2.18,1.00,7.33,-2.12,1.00,6.63,-2.68,1.00,7.83
12,24,358,15.45,1.00,26.61,1.00,-9999.00,-9999.00,-9999.00,-9999.00,0.51,40.83,26.04,0.98,138.39,0.98,5.04,5.40,-2.45,1.00,7.49,-1.16,1.00,6.56,-2.96,1.00,8.00,-1.72,1.00,7.12
12,25,359,17.72,1.00,27.00,1.00,-9999.00,-9999.00,-9999.00,-9999.00,0.00,42.23,30.61,1.00,148.80,1.00,6.06,5.52,-3.51,1.00,9.57,-3.08,1.00,8.60,-3.73,1.00,9.78,-3.43,1.00,8.95
12,26,360,14.34,1.00,27.05,1.00,-9999.00,-9999.00,-9999.00,-9999.00,0.76,42.66,14.34,1.00,108.18,1.00,6.36,5.65,-2.23,0.96,8.59,-1.97,1.00,7.62,-2.37,1.00,8.73,-2.21,1.00,7.86
12,27,361,14.68,1.00,25.79,1.00,-9999.00,-9999.00,-9999.00,-9999.00,10.29,43.09,22.69,1.00,119.27,1.00,6.34,5.42,-3.31,1.00,9.65,-3.74,1.00,9.16,-2.54,1.00,8.88,-3.74,1.00,9.16
12,28,362,15.31,1.00,24.33,1.00,-9999.00,-9999.00,-9999.00,-9999.00,0.38,34.77,10.02,1.00,116.18,1.00,6.31,4.89,-3.71,1.00,10.03,-3.90,1.00,8.80,-3.29,1.00,9.60,-3.90,1.00,8.80
12,29,363,14.66,1.00,25.11,1.00,-9999.00,-9999.00,-9999.00,-9999.00,0.00,37.00,18.54,0.96,114.89,0.96,6.66,5.39,-2.30,0.96,8.97,-3.11,0.96,8.50,-1.71,1.00,8.38,-4.36,1.00,9.75
12,30,364,14.62,1.00,25.97,1.00,-9999.00,-9999.00,-9999.00,-9999.00,2.29,38.38,22.73,1.00,108.37,1.00,5.46,5.53,-2.00,1.00,7.46,-2.10,1.00,7.63,-1.59,1.00,7.05,-2.21,1.00,7.75
12,31,365,15.72,0.98,26.40,0.98,-9999.00,-9999.00,-9999.00,-9999.00,0.00,38.74,20.60,0.94,110.01,0.94,3.34,5.87,-2.43,0.98,5.78,-1.90,0.98,7.77,-1.79,0.96,5.14,-2.52,0.96,8.39
