Month,Day,DoY,Rg_f,Rg_sqc,Ta_f,Ta_sqc,VPD_f,VPD_sqc,Ts_f,Ts_sqc,Precip,SWC,H_f,H_sqc,LE_f,LE_sqc,Reco_st,Reco_or,NEE_st_fMDS,NEE_st_fMDSsqc,GPP_st_MDS,NEE_or_fMDS,NEE_or_fMDSsqc,GPP_or_MDS,NEE_st_fANN,NEE_st_fANNsqc,GPP_st_ANN,NEE_or_fANN,NEE_or_fANNsqc,GPP_or_ANN
1,1,1,9.12,0.17,23.71,0.17,-9999.00,-9999.00,-9999.00,-9999.00,0.00,-9999.00,22.46,0.15,98.44,0.15,13.20,8.11,-1.09,0.15,14.29,-3.88,0.15,11.99,-2.63,0.15,15.84,-6.66,0.15,14.77
1,2,2,9.12,1.00,23.43,1.00,-9999.00,-9999.00,-9999.00,-9999.00,2.79,41.20,9.22,1.00,72.08,1.00,13.01,8.02,1.74,1.00,11.28,-3.82,1.00,11.83,-0.39,1.00,13.40,-5.83,1.00,13.85
1,3,3,13.26,1.00,23.23,1.00,-9999.00,-9999.00,-9999.00,-9999.00,5.97,41.15,20.02,1.00,88.84,1.00,12.88,7.95,-0.16,1.00,13.04,-3.23,1.00,11.18,-0.68,1.00,13.55,-3.62,1.00,11.57
1,4,4,11.44,1.00,23.52,1.00,-9999.00,-9999.00,-9999.00,-9999.00,0.00,41.14,17.04,1.00,80.01,1.00,13.04,8.05,0.53,1.00,12.51,-0.28,1.00,8.33,-0.09,1.00,13.13,-0.15,1.00,8.20
1,5,5,12.80,1.00,23.30,1.00,-9999.00,-9999.00,-9999.00,-9999.00,4.19,41.18,18.22,1.00,94.95,1.00,12.23,7.99,-1.04,1.00,13.27,-2.06,1.00,10.05,-2.15,1.00,14.38,-3.16,1.00,11.15
1,6,6,15.06,1.00,24.40,1.00,-9999.00,-9999.00,-9999.00,-9999.00,3.05,41.19,23.63,1.00,96.92,1.00,12.75,8.33,-1.28,1.00,14.03,-2.58,1.00,10.91,-2.14,1.00,14.90,-2.84,1.00,11.17
1,7,7,7.26,1.00,22.81,1.00,-9999.00,-9999.00,-9999.00,-9999.00,4.06,41.56,-0.38,1.00,54.40,1.00,11.37,7.63,2.30,1.00,9.07,-1.92,1.00,9.55,0.74,1.00,10.63,-2.29,1.00,9.92
1,8,8,13.66,1.00,23.58,1.00,-9999.00,-9999.00,-9999.00,-9999.00,0.25,42.91,19.76,1.00,103.17,1.00,11.50,8.03,0.27,1.00,11.23,-0.39,1.00,8.42,-0.03,1.00,11.53,-0.39,1.00,8.42
1,9,9,7.87,1.00,22.38,1.00,-9999.00,-9999.00,-9999.00,-9999.00,3.68,42.91,4.80,1.00,63.12,1.00,10.90,7.67,0.08,1.00,10.82,-2.12,1.00,9.79,-0.69,1.00,11.59,-2.34,1.00,10.01
1,10,10,11.49,1.00,22.75,1.00,-9999.00,-9999.00,-9999.00,-9999.00,7.11,45.20,13.06,1.00,86.12,1.00,11.16,8.02,-0.48,1.00,11.65,-1.70,1.00,9.72,-2.44,1.00,13.61,-4.56,1.00,12.58
1,11,11,4.45,1.00,21.30,1.00,-9999.00,-9999.00,-9999.00,-9999.00,18.92,45.84,-1.82,1.00,28.14,1.00,10.40,7.57,5.13,1.00,5.26,-1.36,1.00,8.93,4.86,1.00,5.54,-1.58,1.00,9.16
1,12,12,10.27,1.00,22.19,1.00,-9999.00,-9999.00,-9999.00,-9999.00,2.10,45.36,3.45,1.00,75.27,1.00,10.74,8.12,1.26,1.00,9.48,0.97,1.00,7.14,1.23,1.00,9.50,1.00,1.00,7.12
1,13,13,10.62,1.00,22.10,1.00,-9999.00,-9999.00,-9999.00,-9999.00,9.21,45.15,4.49,1.00,80.79,1.00,11.31,8.13,0.65,1.00,10.66,-1.00,1.00,9.13,0.56,1.00,10.75,-1.00,1.00,9.13
1,14,14,11.05,1.00,21.79,1.00,-9999.00,-9999.00,-9999.00,-9999.00,5.33,45.45,14.21,1.00,74.72,1.00,11.16,8.36,1.22,1.00,9.94,-1.09,1.00,9.44,0.38,1.00,10.78,-0.97,1.00,9.32
1,15,15,15.04,1.00,23.21,1.00,-9999.00,-9999.00,-9999.00,-9999.00,4.32,45.34,17.87,1.00,106.27,1.00,12.04,9.11,-0.24,1.00,12.28,-1.13,1.00,10.24,-0.79,1.00,12.83,-1.13,1.00,10.24
1,16,16,14.21,1.00,22.97,1.00,-9999.00,-9999.00,-9999.00,-9999.00,9.65,45.55,15.44,1.00,99.02,1.00,11.86,8.99,-1.29,1.00,13.16,-3.36,1.00,12.34,-3.01,1.00,14.88,-4.84,1.00,13.83
1,17,17,11.53,1.00,22.48,1.00,-9999.00,-9999.00,-9999.00,-9999.00,15.75,45.93,10.19,1.00,77.49,1.00,11.40,8.59,2.18,1.00,9.22,1.27,1.00,7.32,1.53,1.00,9.87,1.35,1.00,7.24
1,18,18,13.83,1.00,23.56,1.00,-9999.00,-9999.00,-9999.00,-9999.00,2.54,45.30,16.25,1.00,109.00,1.00,12.45,8.80,-1.00,1.00,13.45,-2.33,1.00,11.13,-2.48,1.00,14.94,-2.51,1.00,11.31
1,19,19,8.27,1.00,22.54,1.00,-9999.00,-9999.00,-9999.00,-9999.00,31.75,45.81,5.46,1.00,60.99,1.00,11.74,7.86,3.05,1.00,8.69,-0.28,1.00,8.15,1.59,1.00,10.15,-0.71,1.00,8.57
1,20,20,12.34,1.00,24.82,1.00,-9999.00,-9999.00,-9999.00,-9999.00,0.00,45.33,13.21,1.00,86.90,1.00,13.26,8.35,0.70,1.00,12.56,-1.11,1.00,9.46,-3.41,1.00,16.67,-3.36,1.00,11.70
1,21,21,12.23,1.00,24.05,1.00,-9999.00,-9999.00,-9999.00,-9999.00,0.00,45.81,11.32,1.00,88.56,1.00,12.08,8.09,1.25,1.00,10.83,-0.70,1.00,8.80,-1.77,1.00,13.86,-2.26,1.00,10.35
1,22,22,17.68,1.00,26.04,1.00,-9999.00,-9999.00,-9999.00,-9999.00,0.51,45.22,27.92,1.00,106.09,1.00,12.68,8.73,-0.90,1.00,13.57,-2.64,1.00,11.37,-5.66,1.00,18.33,-6.37,1.00,15.09
1,23,23,10.70,1.00,24.69,1.00,-9999.00,-9999.00,-9999.00,-9999.00,18.35,45.18,17.69,1.00,90.33,1.00,12.07,8.67,1.28,1.00,10.80,-1.09,1.00,9.76,-1.87,1.00,13.94,-2.22,1.00,10.89
1,24,24,12.81,1.00,23.97,1.00,-9999.00,-9999.00,-9999.00,-9999.00,22.03,45.45,13.85,1.00,92.09,1.00,11.41,8.39,0.25,1.00,11.16,-1.26,1.00,9.65,-1.71,1.00,13.12,-2.39,1.00,10.78
1,25,25,13.13,0.96,24.16,1.00,-9999.00,-9999.00,-9999.00,-9999.00,0.00,45.27,18.41,0.92,99.81,0.92,10.79,8.51,-0.34,0.98,11.13,-0.76,0.98,9.27,-0.59,1.00,11.38,-1.21,1.00,9.72
1,26,26,17.64,0.90,24.53,1.00,-9999.00,-9999.00,-9999.00,-9999.00,0.00,44.84,40.51,1.00,146.29,1.00,10.39,8.04,-1.07,1.00,11.46,-0.31,1.00,8.35,-3.11,1.00,13.51,-0.84,1.00,8.88
1,27,27,16.24,1.00,25.85,1.00,-9999.00,-9999.00,-9999.00,-9999.00,7.11,44.48,24.54,0.98,118.85,0.98,11.04,8.53,0.95,1.00,10.09,-0.33,1.00,8.86,-1.37,1.00,12.41,-0.33,1.00,8.86
1,28,28,13.72,0.90,25.86,1.00,-9999.00,-9999.00,-9999.00,-9999.00,4.70,44.44,2.94,1.00,125.87,1.00,11.15,8.62,0.09,1.00,11.06,0.23,1.00,8.39,-0.29,1.00,11.44,0.23,1.00,8.39
1,29,29,11.61,1.00,25.06,1.00,-9999.00,-9999.00,-9999.00,-9999.00,0.89,44.99,11.62,1.00,75.86,1.00,10.79,8.32,1.69,1.00,9.10,0.53,1.00,7.79,-0.51,1.00,11.30,0.33,1.00,7.98
1,30,30,13.08,1.00,24.80,1.00,-9999.00,-9999.00,-9999.00,-9999.00,1.59,44.76,16.59,1.00,95.94,1.00,10.52,8.08,-0.58,1.00,11.10,-2.63,1.00,10.72,-2.43,1.00,12.96,-2.94,1.00,11.03
1,31,31,9.14,1.00,23.50,1.00,-9999.00,-9999.00,-9999.00,-9999.00,27.75,45.25,5.31,1.00,60.59,1.00,9.58,7.30,1.96,1.00,7.62,-0.39,1.00,7.69,1.47,1.00,8.11,-0.32,1.00,7.62
2,1,32,9.61,1.00,23.39,1.00,-9999.00,-9999.00,-9999.00,-9999.00,3.05,45.58,8.24,1.00,70.80,1.00,9.57,7.07,1.29,1.00,8.29,-0.88,1.00,7.95,0.67,1.00,8.90,-0.88,1.00,7.96
2,2,33,14.35,1.00,24.80,1.00,-9999.00,-9999.00,-9999.00,-9999.00,3.05,45.40,14.13,1.00,92.57,1.00,11.07,7.09,0.07,1.00,10.99,-0.56,1.00,7.65,-2.31,1.00,13.38,-3.00,1.00,10.09
2,3,34,7.05,1.00,24.13,1.00,-9999.00,-9999.00,-9999.00,-9999.00,50.16,46.07,0.17,1.00,51.80,1.00,10.80,7.36,3.49,1.00,7.31,-0.09,1.00,7.45,2.36,1.00,8.44,-0.31,1.00,7.67
2,4,35,10.20,1.00,24.06,1.00,-9999.00,-9999.00,-9999.00,-9999.00,11.43,45.88,6.69,1.00,67.06,1.00,10.11,7.42,1.69,0.98,8.43,1.03,1.00,6.39,0.40,1.00,9.71,-0.27,1.00,7.70
2,5,36,17.95,1.00,25.19,1.00,-9999.00,-9999.00,-9999.00,-9999.00,2.54,45.32,34.28,1.00,127.69,1.00,11.10,7.68,-1.51,0.92,12.61,-1.56,1.00,9.23,-3.31,1.00,14.42,-1.68,1.00,9.35
2,6,37,16.43,1.00,25.84,1.00,-9999.00,-9999.00,-9999.00,-9999.00,2.92,44.99,32.45,1.00,122.15,1.00,11.22,8.07,-0.44,0.94,11.66,-1.34,1.00,9.41,-2.82,1.00,14.04,-2.33,1.00,10.40
2,7,38,16.90,1.00,26.01,1.00,-9999.00,-9999.00,-9999.00,-9999.00,8.38,45.20,28.73,1.00,124.38,1.00,11.68,8.52,-0.52,1.00,12.20,-1.27,1.00,9.79,-3.69,1.00,15.37,-2.89,1.00,11.41
2,8,39,14.81,1.00,26.02,1.00,-9999.00,-9999.00,-9999.00,-9999.00,1.40,45.50,17.29,1.00,119.39,1.00,11.60,8.45,0.06,1.00,11.54,0.18,1.00,8.27,-3.14,1.00,14.74,-1.97,1.00,10.42
2,9,40,16.09,1.00,26.13,1.00,-9999.00,-9999.00,-9999.00,-9999.00,0.13,44.99,25.50,1.00,104.92,1.00,11.65,8.18,-0.48,1.00,12.13,-2.24,1.00,10.42,-3.57,1.00,15.22,-4.01,1.00,12.19
2,10,41,14.87,1.00,25.12,1.00,-9999.00,-9999.00,-9999.00,-9999.00,3.56,44.67,28.53,1.00,111.53,1.00,11.12,7.75,-0.14,1.00,11.27,-0.06,1.00,7.81,-0.61,1.00,11.73,-0.31,1.00,8.06
2,11,42,14.87,1.00,24.43,1.00,-9999.00,-9999.00,-9999.00,-9999.00,4.06,44.63,25.06,1.00,106.39,1.00,10.79,7.42,-0.19,1.00,10.99,-0.05,1.00,7.47,-0.24,1.00,11.03,-0.05,1.00,7.47
2,12,43,18.15,0.96,25.38,1.00,-9999.00,-9999.00,-9999.00,-9999.00,1.27,44.72,30.15,1.00,121.38,1.00,11.52,7.75,-1.47,0.92,12.99,-1.85,1.00,9.60,-2.03,1.00,13.56,-1.85,1.00,9.60
2,13,44,14.36,0.96,24.91,1.00,-9999.00,-9999.00,-9999.00,-9999.00,1.27,44.49,20.62,1.00,119.89,1.00,10.86,7.63,0.20,0.92,10.65,-1.54,1.00,9.17,0.09,1.00,10.76,-1.85,1.00,9.48
2,14,45,14.07,1.00,25.24,1.00,-9999.00,-9999.00,-9999.00,-9999.00,5.21,44.34,19.42,1.00,92.10,1.00,10.41,7.77,0.97,1.00,9.43,-1.65,1.00,9.41,-0.53,1.00,10.94,-2.12,1.00,9.89
2,15,46,10.42,1.00,24.31,1.00,-9999.00,-9999.00,-9999.00,-9999.00,8.13,45.46,15.85,1.00,61.72,1.00,8.95,7.27,0.98,1.00,7.98,-1.04,1.00,8.31,0.40,1.00,8.56,-1.21,1.00,8.49
2,16,47,10.31,1.00,24.72,1.00,-9999.00,-9999.00,-9999.00,-9999.00,16.00,45.46,12.91,1.00,74.83,1.00,9.57,7.75,0.20,1.00,9.37,-1.22,1.00,8.97,-0.36,1.00,9.93,-1.39,1.00,9.14
2,17,48,15.66,1.00,24.44,1.00,-9999.00,-9999.00,-9999.00,-9999.00,0.51,45.70,23.51,1.00,110.60,1.00,10.28,7.82,-1.19,1.00,11.47,-1.59,1.00,9.41,-1.00,1.00,11.28,-1.55,1.00,9.37
2,18,49,15.68,1.00,26.01,1.00,-9999.00,-9999.00,-9999.00,-9999.00,0.00,45.07,24.66,1.00,116.59,1.00,10.92,8.65,-1.37,1.00,12.29,0.63,1.00,8.01,-2.79,1.00,13.71,-1.67,1.00,10.31
2,19,50,13.19,1.00,24.80,1.00,-9999.00,-9999.00,-9999.00,-9999.00,0.25,44.71,18.87,1.00,102.77,1.00,10.48,8.43,0.06,1.00,10.42,0.75,1.00,7.68,0.37,1.00,10.11,0.80,1.00,7.63
2,20,51,14.83,1.00,25.56,1.00,-9999.00,-9999.00,-9999.00,-9999.00,0.00,44.45,20.97,1.00,92.53,1.00,10.64,8.69,-0.71,1.00,11.35,-0.47,1.00,9.16,-0.93,1.00,11.58,-0.70,1.00,9.39
2,21,52,6.07,1.00,23.57,1.00,-9999.00,-9999.00,-9999.00,-9999.00,13.97,45.18,0.39,1.00,36.95,1.00,9.75,8.09,3.39,1.00,6.36,0.43,1.00,7.66,4.17,1.00,5.58,0.51,1.00,7.59
2,22,53,13.75,1.00,24.65,1.00,-9999.00,-9999.00,-9999.00,-9999.00,2.92,45.42,11.38,1.00,86.60,1.00,10.34,8.54,-0.64,1.00,10.98,-1.36,1.00,9.90,-0.16,1.00,10.50,-1.23,1.00,9.77
2,23,54,11.65,1.00,23.75,1.00,-9999.00,-9999.00,-9999.00,-9999.00,14.61,45.49,9.01,1.00,77.48,1.00,9.82,8.56,-0.42,1.00,10.24,-1.97,1.00,10.53,0.50,1.00,9.32,-1.94,1.00,10.51
2,24,55,15.13,1.00,24.47,1.00,-9999.00,-9999.00,-9999.00,-9999.00,0.00,45.50,18.57,1.00,99.12,1.00,9.89,8.62,-1.76,1.00,11.65,-2.09,1.00,10.71,-1.78,1.00,11.67,-2.22,1.00,10.84
2,25,56,17.54,1.00,24.78,1.00,-9999.00,-9999.00,-9999.00,-9999.00,24.64,45.40,27.36,1.00,110.19,1.00,9.19,8.73,-2.62,1.00,11.81,-2.79,1.00,11.52,-2.20,1.00,11.39,-2.90,1.00,11.62
2,26,57,13.71,1.00,23.92,1.00,-9999.00,-9999.00,-9999.00,-9999.00,14.73,45.60,24.34,1.00,77.43,1.00,8.59,8.20,-0.15,1.00,8.75,-1.54,1.00,9.75,0.71,1.00,7.89,-1.38,1.00,9.59
2,27,58,15.00,1.00,24.73,1.00,-9999.00,-9999.00,-9999.00,-9999.00,0.13,45.39,18.13,1.00,98.79,1.00,9.08,8.61,-1.30,1.00,10.37,-1.89,1.00,10.50,-1.13,1.00,10.20,-2.06,1.00,10.67
2,28,59,12.61,1.00,24.57,1.00,-9999.00,-9999.00,-9999.00,-9999.00,28.19,45.91,14.77,1.00,86.17,1.00,9.51,8.78,0.43,1.00,9.08,-2.07,1.00,10.85,0.44,1.00,9.07,-2.15,1.00,10.92
3,1,60,6.40,1.00,23.64,1.00,-9999.00,-9999.00,-9999.00,-9999.00,10.16,45.57,-0.12,1.00,37.95,1.00,9.25,8.40,2.82,1.00,6.43,-1.18,1.00,9.58,3.38,1.00,5.86,-1.19,1.00,9.59
3,2,61,9.29,1.00,24.47,1.00,-9999.00,-9999.00,-9999.00,-9999.00,2.79,45.29,10.92,1.00,55.46,1.00,10.68,8.51,1.09,1.00,9.60,-2.32,1.00,10.83,0.82,1.00,9.87,-2.42,1.00,10.93
3,3,62,16.00,1.00,25.72,1.00,-9999.00,-9999.00,-9999.00,-9999.00,5.14,45.21,13.42,1.00,98.55,1.00,13.55,8.82,0.47,1.00,13.08,-0.55,1.00,9.37,-0.57,1.00,14.12,-0.52,1.00,9.34
3,4,63,14.04,1.00,25.71,1.00,-9999.00,-9999.00,-9999.00,-9999.00,0.83,44.99,27.30,1.00,105.63,1.00,13.30,8.95,0.58,1.00,12.72,0.11,1.00,8.85,-0.31,1.00,13.61,0.11,1.00,8.85
3,5,64,16.35,1.00,25.87,1.00,-9999.00,-9999.00,-9999.00,-9999.00,9.91,44.79,20.52,1.00,103.74,1.00,12.66,9.09,-0.23,1.00,12.89,-2.25,1.00,11.35,-1.83,1.00,14.48,-2.58,1.00,11.68
3,6,65,13.80,1.00,24.81,1.00,-9999.00,-9999.00,-9999.00,-9999.00,3.94,45.41,19.35,1.00,112.71,1.00,12.06,8.68,1.45,1.00,10.61,-0.45,1.00,9.14,0.76,1.00,11.29,-0.45,1.00,9.14
3,7,66,11.84,1.00,25.04,1.00,-9999.00,-9999.00,-9999.00,-9999.00,2.29,45.19,13.71,1.00,71.52,1.00,11.86,8.55,1.78,1.00,10.09,0.75,1.00,7.80,0.81,1.00,11.05,0.78,1.00,7.77
3,8,67,17.77,1.00,26.18,1.00,-9999.00,-9999.00,-9999.00,-9999.00,0.76,45.01,11.53,1.00,124.41,1.00,12.44,8.39,0.52,1.00,11.92,0.08,1.00,8.31,0.24,1.00,12.20,0.08,1.00,8.31
3,9,68,14.56,1.00,25.71,1.00,-9999.00,-9999.00,-9999.00,-9999.00,3.94,44.70,8.54,1.00,98.40,1.00,12.20,8.13,1.54,1.00,10.66,-1.81,1.00,9.94,0.94,1.00,11.26,-1.81,1.00,9.94
3,10,69,18.35,1.00,26.46,1.00,-9999.00,-9999.00,-9999.00,-9999.00,0.00,44.80,26.10,1.00,118.05,1.00,12.98,8.49,0.37,1.00,12.61,-1.75,1.00,10.24,-1.38,1.00,14.36,-1.93,1.00,10.42
3,11,70,13.36,1.00,26.23,1.00,-9999.00,-9999.00,-9999.00,-9999.00,0.00,44.57,15.88,1.00,84.73,1.00,11.93,8.18,0.79,1.00,11.14,-1.75,1.00,9.93,-1.02,1.00,12.95,-1.89,1.00,10.07
3,12,71,9.03,1.00,24.59,1.00,-9999.00,-9999.00,-9999.00,-9999.00,13.72,44.97,7.41,1.00,58.56,1.00,10.48,7.62,3.25,1.00,7.23,0.07,1.00,7.55,2.23,1.00,8.25,0.09,1.00,7.53
3,13,72,16.49,1.00,25.20,1.00,-9999.00,-9999.00,-9999.00,-9999.00,3.05,45.50,22.91,1.00,94.75,1.00,11.37,8.28,-1.48,1.00,12.85,-2.99,1.00,11.27,-2.25,1.00,13.62,-3.12,1.00,11.40
3,14,73,18.71,1.00,26.52,1.00,-9999.00,-9999.00,-9999.00,-9999.00,0.00,45.12,21.28,1.00,130.71,1.00,12.63,9.28,1.52,1.00,11.11,0.36,1.00,8.92,0.87,1.00,11.76,0.36,1.00,8.92
3,15,74,22.33,1.00,26.00,1.00,-9999.00,-9999.00,-9999.00,-9999.00,0.00,44.72,49.13,1.00,137.44,1.00,12.54,9.24,-0.06,1.00,12.60,-0.18,1.00,9.41,-0.20,1.00,12.74,-0.18,1.00,9.41
3,16,75,6.64,1.00,24.46,1.00,-9999.00,-9999.00,-9999.00,-9999.00,0.76,44.41,0.40,1.00,45.23,1.00,11.35,9.08,3.88,1.00,7.47,1.63,1.00,7.45,4.13,1.00,7.22,1.75,1.00,7.33
3,17,76,9.91,1.00,24.38,1.00,-9999.00,-9999.00,-9999.00,-9999.00,0.00,44.22,6.16,1.00,71.42,1.00,10.69,9.01,1.21,1.00,9.49,0.89,1.00,8.12,1.22,1.00,9.47,0.94,1.00,8.07
3,18,77,8.09,1.00,24.57,1.00,-9999.00,-9999.00,-9999.00,-9999.00,11.56,44.23,-0.36,1.00,51.42,1.00,10.43,8.94,3.61,1.00,6.82,1.82,1.00,7.12,3.38,1.00,7.05,0.91,1.00,8.03
3,19,78,16.30,1.00,25.03,1.00,-9999.00,-9999.00,-9999.00,-9999.00,14.61,44.91,25.00,1.00,114.26,1.00,10.76,9.20,1.26,1.00,9.51,-0.07,1.00,9.27,1.07,1.00,9.69,-0.05,1.00,9.25
3,20,79,22.69,1.00,26.02,1.00,-9999.00,-9999.00,-9999.00,-9999.00,1.52,45.28,28.75,1.00,133.85,1.00,11.56,9.84,0.06,1.00,11.49,-0.19,1.00,10.03,0.10,1.00,11.46,-0.35,1.00,10.19
3,21,80,17.72,1.00,26.23,1.00,-9999.00,-9999.00,-9999.00,-9999.00,2.79,44.85,18.00,1.00,120.86,1.00,11.19,9.34,-0.53,1.00,11.72,-2.64,1.00,11.98,-1.29,1.00,12.48,-2.59,1.00,11.93
3,22,81,15.57,1.00,25.78,1.00,-9999.00,-9999.00,-9999.00,-9999.00,25.91,45.24,37.17,1.00,98.21,1.00,10.62,8.49,1.68,1.00,8.94,-0.98,1.00,9.47,1.25,1.00,9.37,-0.74,1.00,9.23
3,23,82,14.85,1.00,25.66,1.00,-9999.00,-9999.00,-9999.00,-9999.00,0.25,46.40,25.97,1.00,97.98,1.00,10.74,8.48,2.77,1.00,7.97,1.86,1.00,6.62,2.79,1.00,7.95,1.89,1.00,6.59
3,24,83,15.39,1.00,25.39,1.00,-9999.00,-9999.00,-9999.00,-9999.00,5.78,46.24,28.61,1.00,91.05,1.00,10.74,8.30,0.39,1.00,10.35,-0.69,1.00,8.99,0.12,1.00,10.62,-0.73,1.00,9.03
3,25,84,17.88,1.00,25.38,1.00,-9999.00,-9999.00,-9999.00,-9999.00,4.51,46.40,28.02,1.00,117.33,1.00,10.82,8.13,0.38,1.00,10.44,-0.89,1.00,9.02,-0.01,1.00,10.83,-0.93,1.00,9.06
3,26,85,16.90,1.00,25.97,1.00,-9999.00,-9999.00,-9999.00,-9999.00,1.78,46.32,24.02,1.00,95.51,1.00,11.25,8.46,-0.84,1.00,12.09,-3.36,1.00,11.82,-1.17,1.00,12.42,-3.22,1.00,11.68
3,27,86,12.43,1.00,25.34,1.00,-9999.00,-9999.00,-9999.00,-9999.00,2.54,46.17,11.66,1.00,76.50,1.00,11.68,8.48,1.70,1.00,9.97,-0.21,1.00,8.68,1.36,1.00,10.32,-0.21,1.00,8.68
3,28,87,11.61,1.00,24.50,1.00,-9999.00,-9999.00,-9999.00,-9999.00,37.47,46.17,11.34,1.00,72.30,1.00,11.67,7.63,2.26,1.00,9.41,0.01,1.00,7.61,1.53,1.00,10.14,0.01,1.00,7.61
3,29,88,13.64,1.00,24.95,1.00,-9999.00,-9999.00,-9999.00,-9999.00,1.02,46.42,17.47,1.00,78.25,1.00,12.42,7.97,0.82,1.00,11.60,-1.52,1.00,9.49,-0.03,1.00,12.45,-1.49,1.00,9.45
3,30,89,17.33,1.00,24.74,1.00,-9999.00,-9999.00,-9999.00,-9999.00,8.89,46.38,24.35,1.00,100.35,1.00,12.27,8.29,3.48,1.00,8.80,3.50,1.00,4.79,3.24,1.00,9.04,3.34,1.00,4.95
3,31,90,16.82,1.00,25.96,1.00,-9999.00,-9999.00,-9999.00,-9999.00,0.25,46.37,25.08,1.00,98.76,1.00,12.07,8.47,0.95,1.00,11.13,-1.87,1.00,10.35,0.15,1.00,11.92,-1.69,1.00,10.16
4,1,91,16.48,1.00,25.45,1.00,-9999.00,-9999.00,-9999.00,-9999.00,20.64,46.26,21.51,1.00,91.71,1.00,11.94,8.37,1.98,1.00,9.96,-0.10,1.00,8.46,1.35,1.00,10.59,-0.10,1.00,8.46
4,2,92,11.48,1.00,24.61,1.00,-9999.00,-9999.00,-9999.00,-9999.00,10.73,46.32,7.34,1.00,88.99,1.00,12.25,8.31,2.60,1.00,9.65,-1.88,1.00,10.19,2.15,1.00,10.10,-2.13,1.00,10.45
4,3,93,3.36,1.00,25.34,1.00,-9999.00,-9999.00,-9999.00,-9999.00,12.83,46.36,-4.45,1.00,27.39,1.00,12.68,8.38,8.01,1.00,4.67,4.01,1.00,4.37,7.08,1.00,5.60,4.62,1.00,3.76
4,4,94,15.41,1.00,24.70,1.00,-9999.00,-9999.00,-9999.00,-9999.00,8.64,46.39,14.78,1.00,81.90,1.00,11.55,7.94,1.12,1.00,10.42,-0.41,1.00,8.35,0.99,1.00,10.56,-0.43,1.00,8.37
4,5,95,17.67,1.00,25.27,1.00,-9999.00,-9999.00,-9999.00,-9999.00,5.97,46.36,27.56,1.00,109.63,1.00,11.28,8.35,1.12,1.00,10.17,0.48,1.00,7.87,0.30,1.00,10.99,0.47,1.00,7.89
4,6,96,19.40,1.00,25.77,1.00,-9999.00,-9999.00,-9999.00,-9999.00,8.51,46.38,37.04,1.00,109.05,1.00,10.90,8.47,0.56,1.00,10.34,-0.63,1.00,9.10,0.18,1.00,10.72,-0.70,1.00,9.17
4,7,97,17.86,1.00,25.71,1.00,-9999.00,-9999.00,-9999.00,-9999.00,2.79,46.41,33.25,1.00,123.52,1.00,10.59,8.52,0.23,1.00,10.36,-1.94,1.00,10.46,0.01,1.00,10.58,-1.93,1.00,10.45
4,8,98,16.19,1.00,26.25,1.00,-9999.00,-9999.00,-9999.00,-9999.00,0.76,46.27,25.52,1.00,90.53,1.00,11.00,9.13,2.97,1.00,8.03,-0.13,1.00,9.26,2.46,1.00,8.54,-0.30,1.00,9.43
4,9,99,7.72,1.00,24.11,1.00,-9999.00,-9999.00,-9999.00,-9999.00,14.22,46.32,4.74,1.00,49.18,1.00,9.87,8.33,3.07,1.00,6.79,0.93,1.00,7.40,3.13,1.00,6.74,0.76,1.00,7.58
4,10,100,20.66,1.00,25.75,1.00,-9999.00,-9999.00,-9999.00,-9999.00,1.02,46.38,36.16,1.00,103.62,1.00,10.80,8.93,0.60,1.00,10.20,-0.30,1.00,9.23,0.01,1.00,10.79,-0.40,1.00,9.33
4,11,101,15.41,1.00,25.11,1.00,-9999.00,-9999.00,-9999.00,-9999.00,15.37,46.40,22.16,1.00,89.62,1.00,10.44,9.03,1.68,1.00,8.76,1.01,1.00,8.02,1.88,1.00,8.55,1.01,1.00,8.02
4,12,102,18.76,1.00,26.25,1.00,-9999.00,-9999.00,-9999.00,-9999.00,1.40,46.38,34.29,1.00,131.55,1.00,11.16,9.53,0.97,1.00,10.19,1.16,1.00,8.37,1.06,1.00,10.09,1.08,1.00,8.45
4,13,103,8.53,1.00,25.18,1.00,-9999.00,-9999.00,-9999.00,-9999.00,1.02,46.21,8.91,1.00,58.37,1.00,10.70,9.09,3.36,1.00,7.34,2.60,1.00,6.49,4.57,1.00,6.14,1.77,1.00,7.32
4,14,104,9.60,1.00,24.63,1.00,-9999.00,-9999.00,-9999.00,-9999.00,45.72,46.23,11.47,1.00,50.67,1.00,10.67,9.30,4.73,1.00,5.94,3.74,1.00,5.56,4.60,1.00,6.08,1.43,1.00,7.87
4,15,105,14.96,1.00,26.14,1.00,-9999.00,-9999.00,-9999.00,-9999.00,0.00,46.34,21.67,1.00,87.29,1.00,11.51,10.04,1.24,1.00,10.27,0.55,1.00,9.49,0.90,1.00,10.61,-0.49,1.00,10.53
4,16,106,15.06,1.00,25.33,1.00,-9999.00,-9999.00,-9999.00,-9999.00,0.00,46.37,22.53,1.00,87.55,1.00,10.38,8.56,1.68,0.96,8.71,1.05,1.00,7.51,1.34,1.00,9.04,-1.10,1.00,9.65
4,17,107,15.06,1.00,25.04,1.00,-9999.00,-9999.00,-9999.00,-9999.00,0.38,46.37,22.66,1.00,87.79,1.00,10.00,8.30,2.02,0.94,7.98,1.87,1.00,6.43,1.70,1.00,8.30,-1.11,1.00,9.41
4,18,108,13.71,1.00,25.26,1.00,-9999.00,-9999.00,-9999.00,-9999.00,1.52,46.39,20.06,1.00,84.46,1.00,9.93,8.40,2.74,0.79,7.20,3.06,0.90,5.35,2.46,1.00,7.48,-0.16,1.00,8.57
4,19,109,14.98,1.00,24.84,1.00,-9999.00,-9999.00,-9999.00,-9999.00,4.45,46.22,24.45,1.00,92.62,1.00,9.58,8.29,2.34,0.40,7.24,1.56,0.48,6.74,2.19,1.00,7.38,-1.07,1.00,9.36
4,20,110,15.96,1.00,25.72,1.00,-9999.00,-9999.00,-9999.00,-9999.00,0.25,46.15,27.60,0.75,90.73,0.75,9.84,8.63,1.37,0.00,8.47,0.35,0.00,8.28,1.67,1.00,8.17,-0.24,1.00,8.86
4,21,111,5.06,1.00,23.74,1.00,-9999.00,-9999.00,-9999.00,-9999.00,21.34,46.31,1.43,0.65,25.37,0.65,8.75,7.98,6.00,0.00,2.75,5.63,0.00,2.35,7.85,1.00,0.90,3.13,1.00,4.85
4,22,112,18.67,1.00,25.89,1.00,-9999.00,-9999.00,-9999.00,-9999.00,0.00,46.35,32.92,0.00,109.00,0.00,9.59,8.75,0.53,0.00,9.06,0.02,0.00,8.73,0.88,1.00,8.71,-0.69,1.00,9.44
4,23,113,18.35,1.00,26.48,1.00,-9999.00,-9999.00,-9999.00,-9999.00,0.51,46.15,33.01,0.00,103.93,0.00,9.69,8.99,1.00,0.00,8.68,0.43,0.00,8.56,0.50,1.00,9.19,-0.39,1.00,9.37
4,24,114,19.60,1.00,26.85,1.00,-9999.00,-9999.00,-9999.00,-9999.00,7.62,45.96,37.56,0.00,120.77,0.00,9.68,9.15,1.12,0.00,8.57,0.71,0.00,8.43,1.33,1.00,8.35,0.43,1.00,8.72
4,25,115,15.02,1.00,25.15,1.00,-9999.00,-9999.00,-9999.00,-9999.00,7.87,45.96,25.51,0.00,90.75,0.00,8.76,8.58,2.23,0.00,6.52,1.08,0.00,7.51,2.85,1.00,5.91,-0.03,1.00,8.61
4,26,116,18.63,1.00,26.45,1.00,-9999.00,-9999.00,-9999.00,-9999.00,0.25,46.10,30.98,0.00,105.01,0.00,9.16,9.07,1.27,0.00,7.89,0.37,0.00,8.71,0.19,1.00,8.97,-0.68,1.00,9.75
4,27,117,18.41,1.00,25.89,1.00,-9999.00,-9999.00,-9999.00,-9999.00,0.00,45.97,29.97,0.00,103.97,0.00,8.75,8.91,0.85,0.00,7.90,-0.39,0.00,9.30,1.83,1.00,6.92,-0.46,1.00,9.36
4,28,118,14.70,1.00,25.25,1.00,-9999.00,-9999.00,-9999.00,-9999.00,0.00,45.87,22.10,0.00,84.23,0.00,8.31,8.71,2.16,0.23,6.15,0.85,0.23,7.86,2.59,1.00,5.72,-0.24,1.00,8.95
4,29,119,14.93,1.00,25.70,1.00,-9999.00,-9999.00,-9999.00,-9999.00,0.00,46.13,22.04,0.23,90.25,0.23,8.33,8.90,1.37,0.60,6.96,0.65,0.58,8.25,1.44,1.00,6.88,-0.36,1.00,9.25
4,30,120,15.42,1.00,26.05,1.00,-9999.00,-9999.00,-9999.00,-9999.00,0.00,46.08,32.66,0.79,87.71,0.79,8.30,9.05,1.48,0.81,6.82,1.08,0.90,7.97,2.02,1.00,6.28,0.40,1.00,8.65
5,1,121,15.43,1.00,26.18,1.00,-9999.00,-9999.00,-9999.00,-9999.00,0.00,45.95,31.67,0.83,87.95,0.83,8.18,9.13,1.56,0.92,6.62,0.74,1.00,8.39,1.75,1.00,6.43,0.48,1.00,8.65
5,2,122,15.60,1.00,25.60,1.00,-9999.00,-9999.00,-9999.00,-9999.00,0.00,45.80,29.58,0.92,90.81,0.92,7.81,8.92,1.36,1.00,6.45,-0.71,1.00,9.63,1.97,1.00,5.84,-0.18,1.00,9.10
5,3,123,14.68,1.00,26.47,1.00,-9999.00,-9999.00,-9999.00,-9999.00,0.00,45.67,21.92,0.92,83.09,0.92,8.02,9.03,2.32,1.00,5.70,0.35,1.00,8.68,1.09,1.00,6.93,0.69,1.00,8.34
5,4,124,14.07,1.00,25.73,1.00,-9999.00,-9999.00,-9999.00,-9999.00,27.56,45.78,22.65,1.00,84.10,1.00,7.15,8.42,2.30,1.00,4.85,0.67,1.00,7.75,2.39,1.00,4.76,0.54,1.00,7.88
5,5,125,16.82,1.00,25.75,1.00,-9999.00,-9999.00,-9999.00,-9999.00,3.81,46.39,26.29,1.00,96.60,1.00,7.16,7.39,1.37,1.00,5.79,0.18,1.00,7.21,1.49,1.00,5.67,-0.43,1.00,7.82
5,6,126,19.42,1.00,26.23,1.00,-9999.00,-9999.00,-9999.00,-9999.00,6.10,46.23,41.18,1.00,109.17,1.00,7.88,7.41,0.35,1.00,7.53,-0.39,1.00,7.79,1.47,1.00,6.41,-0.19,1.00,7.60
5,7,127,15.95,1.00,26.22,1.00,-9999.00,-9999.00,-9999.00,-9999.00,0.00,46.05,19.22,1.00,92.11,1.00,8.00,7.39,1.41,1.00,6.59,-0.04,1.00,7.43,1.18,1.00,6.82,-0.21,1.00,7.61
5,8,128,8.91,1.00,25.29,1.00,-9999.00,-9999.00,-9999.00,-9999.00,5.59,46.02,5.77,1.00,50.65,1.00,7.68,7.07,5.20,1.00,2.47,1.49,1.00,5.58,5.66,1.00,2.02,1.74,1.00,5.34
5,9,129,16.99,1.00,27.01,1.00,-9999.00,-9999.00,-9999.00,-9999.00,3.43,46.00,20.45,1.00,87.45,1.00,8.53,7.44,0.75,1.00,7.78,-1.20,1.00,8.65,0.30,1.00,8.22,-1.03,1.00,8.48
5,10,130,19.80,1.00,26.54,1.00,-9999.00,-9999.00,-9999.00,-9999.00,2.29,46.01,32.96,1.00,123.79,1.00,8.40,7.09,1.66,1.00,6.74,1.13,1.00,5.96,2.19,1.00,6.21,1.26,1.00,5.82
5,11,131,5.14,1.00,23.80,1.00,-9999.00,-9999.00,-9999.00,-9999.00,25.15,46.23,-1.18,1.00,24.49,1.00,7.62,6.28,5.39,1.00,2.23,0.80,1.00,5.47,7.63,1.00,-0.02,0.83,1.00,5.45
5,12,132,12.31,1.00,25.28,1.00,-9999.00,-9999.00,-9999.00,-9999.00,2.79,46.34,12.88,1.00,74.18,1.00,10.01,6.52,1.69,1.00,8.32,1.26,1.00,5.26,2.46,1.00,7.55,1.37,1.00,5.15
5,13,133,16.00,1.00,26.99,1.00,-9999.00,-9999.00,-9999.00,-9999.00,0.00,46.21,8.59,1.00,97.42,1.00,10.52,6.81,-0.12,1.00,10.64,-1.65,1.00,8.46,-0.14,1.00,10.66,-1.31,1.00,8.12
5,14,134,20.13,1.00,27.72,1.00,-9999.00,-9999.00,-9999.00,-9999.00,0.25,46.04,32.69,1.00,110.00,1.00,7.39,6.35,2.65,1.00,4.74,0.80,1.00,5.54,1.65,1.00,5.74,1.25,1.00,5.10
5,15,135,16.88,1.00,27.71,1.00,-9999.00,-9999.00,-9999.00,-9999.00,0.00,45.87,25.69,1.00,78.34,1.00,8.03,6.69,1.66,1.00,6.37,-1.25,1.00,7.94,0.02,1.00,8.01,-0.60,1.00,7.29
5,16,136,13.79,1.00,25.32,1.00,-9999.00,-9999.00,-9999.00,-9999.00,22.73,45.97,17.35,1.00,72.87,1.00,7.48,6.53,1.00,1.00,6.48,-0.71,1.00,7.24,1.53,1.00,5.94,-0.51,1.00,7.04
5,17,137,15.11,1.00,25.94,1.00,-9999.00,-9999.00,-9999.00,-9999.00,4.57,46.38,18.31,1.00,95.40,1.00,8.53,7.29,-0.10,1.00,8.63,-2.63,1.00,9.93,0.54,1.00,7.99,-2.40,1.00,9.69
5,18,138,16.59,1.00,26.90,1.00,-9999.00,-9999.00,-9999.00,-9999.00,0.00,46.29,12.11,1.00,88.26,1.00,9.07,7.51,0.98,1.00,8.10,1.25,1.00,6.25,0.96,1.00,8.11,1.28,1.00,6.22
5,19,139,17.78,1.00,27.31,1.00,-9999.00,-9999.00,-9999.00,-9999.00,1.27,46.12,23.99,1.00,94.53,1.00,9.00,7.56,2.22,1.00,6.77,-0.11,1.00,7.67,1.66,1.00,7.33,-0.13,1.00,7.69
5,20,140,17.32,1.00,27.31,1.00,-9999.00,-9999.00,-9999.00,-9999.00,0.00,45.95,23.41,1.00,105.79,1.00,7.78,7.51,1.87,1.00,5.92,1.35,1.00,6.16,1.03,1.00,6.75,1.42,1.00,6.09
5,21,141,14.07,1.00,25.89,1.00,-9999.00,-9999.00,-9999.00,-9999.00,14.35,46.29,14.55,1.00,89.22,1.00,8.50,7.70,1.46,1.00,7.04,-0.13,1.00,7.83,1.30,1.00,7.20,0.01,1.00,7.70
5,22,142,14.33,1.00,26.12,1.00,-9999.00,-9999.00,-9999.00,-9999.00,0.63,46.29,22.77,1.00,84.90,1.00,10.63,8.67,1.37,1.00,9.26,0.11,1.00,8.56,1.23,1.00,9.41,0.24,1.00,8.43
5,23,143,17.49,1.00,26.36,1.00,-9999.00,-9999.00,-9999.00,-9999.00,22.61,46.20,24.27,1.00,70.55,1.00,11.67,8.48,1.45,1.00,10.22,0.23,1.00,8.25,1.76,1.00,9.91,0.16,1.00,8.32
5,24,144,12.28,1.00,25.33,1.00,-9999.00,-9999.00,-9999.00,-9999.00,1.02,46.38,16.96,1.00,71.78,1.00,11.12,7.44,3.97,1.00,7.16,3.41,1.00,4.03,4.73,1.00,6.39,3.42,1.00,4.02
5,25,145,17.47,1.00,25.73,1.00,-9999.00,-9999.00,-9999.00,-9999.00,0.25,46.23,22.78,1.00,109.46,1.00,10.79,6.96,0.61,1.00,10.18,0.60,1.00,6.36,1.01,1.00,9.78,0.60,1.00,6.36
5,26,146,15.95,1.00,25.68,1.00,-9999.00,-9999.00,-9999.00,-9999.00,3.81,46.06,27.61,1.00,85.73,1.00,9.51,6.86,1.72,1.00,7.79,0.60,1.00,6.25,1.58,1.00,7.92,0.61,1.00,6.24
5,27,147,19.12,1.00,26.28,1.00,-9999.00,-9999.00,-9999.00,-9999.00,0.00,45.93,34.55,1.00,111.19,1.00,9.21,6.99,-0.55,1.00,9.76,-2.18,1.00,9.17,-0.34,1.00,9.55,-2.24,1.00,9.22
5,28,148,20.66,1.00,27.43,1.00,-9999.00,-9999.00,-9999.00,-9999.00,0.38,45.80,30.24,1.00,110.09,1.00,10.11,7.21,1.16,1.00,8.94,-0.60,1.00,7.81,0.84,1.00,9.26,-0.16,1.00,7.37
5,29,149,16.40,1.00,26.69,1.00,-9999.00,-9999.00,-9999.00,-9999.00,0.00,45.67,20.51,1.00,90.29,1.00,8.90,6.59,0.34,1.00,8.56,0.16,1.00,6.44,0.52,1.00,8.38,0.22,1.00,6.38
5,30,150,17.38,1.00,26.47,1.00,-9999.00,-9999.00,-9999.00,-9999.00,1.78,45.55,26.96,1.00,86.42,1.00,6.35,6.02,0.87,1.00,5.48,-0.54,1.00,6.56,1.35,1.00,4.99,-0.21,1.00,6.24
5,31,151,18.74,1.00,26.36,1.00,-9999.00,-9999.00,-9999.00,-9999.00,1.91,45.43,34.49,1.00,100.26,1.00,5.62,5.29,2.48,1.00,3.15,1.22,1.00,4.07,2.49,1.00,3.14,1.53,1.00,3.76
6,1,152,19.05,1.00,25.96,1.00,-9999.00,-9999.00,-9999.00,-9999.00,2.67,45.38,23.83,1.00,88.30,1.00,5.47,5.57,0.95,1.00,4.52,-0.35,1.00,5.92,1.60,1.00,3.87,-0.18,1.00,5.75
6,2,153,16.79,1.00,25.47,1.00,-9999.00,-9999.00,-9999.00,-9999.00,1.14,45.40,26.90,1.00,93.46,1.00,5.48,5.74,-0.24,1.00,5.72,-1.51,1.00,7.24,1.06,1.00,4.42,-1.23,1.00,6.96
6,3,154,4.67,1.00,23.25,1.00,-9999.00,-9999.00,-9999.00,-9999.00,30.73,45.95,-0.07,1.00,24.85,1.00,5.82,5.35,4.61,1.00,1.21,0.31,1.00,5.04,7.01,1.00,-1.18,0.28,1.00,5.07
6,4,155,16.09,1.00,24.55,1.00,-9999.00,-9999.00,-9999.00,-9999.00,10.67,46.41,29.89,1.00,99.49,1.00,7.57,6.05,-0.16,1.00,7.72,-2.78,1.00,8.83,0.59,1.00,6.98,-2.74,1.00,8.79
6,5,156,16.62,1.00,25.31,1.00,-9999.00,-9999.00,-9999.00,-9999.00,0.00,46.30,29.05,1.00,92.00,1.00,8.96,6.94,1.54,1.00,7.42,0.36,1.00,6.57,2.05,1.00,6.91,0.39,1.00,6.55
6,6,157,13.47,1.00,25.79,1.00,-9999.00,-9999.00,-9999.00,-9999.00,0.00,46.12,18.77,1.00,87.78,1.00,11.10,7.37,1.71,1.00,9.39,1.98,1.00,5.40,1.99,1.00,9.11,2.21,1.00,5.16
6,7,158,13.73,1.00,24.93,1.00,-9999.00,-9999.00,-9999.00,-9999.00,8.13,45.98,17.42,1.00,67.97,1.00,11.31,6.93,2.58,1.00,8.72,0.82,1.00,6.11,2.59,1.00,8.71,0.91,1.00,6.02
6,8,159,13.05,1.00,25.20,1.00,-9999.00,-9999.00,-9999.00,-9999.00,4.06,45.99,8.80,1.00,83.47,1.00,11.78,7.35,2.06,1.00,9.72,-0.51,1.00,7.86,1.82,1.00,9.97,-0.46,1.00,7.81
6,9,160,19.21,1.00,26.23,1.00,-9999.00,-9999.00,-9999.00,-9999.00,0.13,45.97,27.23,1.00,104.81,1.00,12.44,7.44,0.94,1.00,11.50,0.27,1.00,7.17,0.66,1.00,11.78,0.45,1.00,6.99
6,10,161,14.44,1.00,25.84,1.00,-9999.00,-9999.00,-9999.00,-9999.00,3.30,45.87,20.29,1.00,76.72,1.00,12.20,7.31,3.03,1.00,9.17,0.57,1.00,6.74,2.23,1.00,9.97,0.79,1.00,6.52
6,11,162,11.99,1.00,25.22,1.00,-9999.00,-9999.00,-9999.00,-9999.00,6.35,45.90,6.61,1.00,66.15,1.00,11.85,7.19,3.97,1.00,7.87,3.56,1.00,3.63,3.25,1.00,8.60,3.54,1.00,3.65
6,12,163,10.77,1.00,24.21,1.00,-9999.00,-9999.00,-9999.00,-9999.00,23.11,46.20,8.41,1.00,52.75,1.00,11.22,6.87,4.21,1.00,7.01,0.23,1.00,6.64,3.81,1.00,7.41,-0.04,1.00,6.91
6,13,164,9.76,1.00,24.33,1.00,-9999.00,-9999.00,-9999.00,-9999.00,0.00,46.37,9.76,1.00,47.73,1.00,10.50,6.24,3.63,1.00,6.87,1.98,1.00,4.27,3.02,1.00,7.48,1.23,1.00,5.01
6,14,165,18.20,1.00,26.24,1.00,-9999.00,-9999.00,-9999.00,-9999.00,0.00,46.21,29.13,1.00,105.16,1.00,8.74,6.09,1.63,1.00,7.12,1.47,1.00,4.62,0.95,1.00,7.79,1.18,1.00,4.91
6,15,166,18.73,1.00,25.65,1.00,-9999.00,-9999.00,-9999.00,-9999.00,0.25,46.02,33.68,1.00,115.06,1.00,7.69,5.66,3.29,1.00,4.41,1.57,1.00,4.09,3.00,1.00,4.69,1.26,1.00,4.40
6,16,167,14.04,1.00,25.31,1.00,-9999.00,-9999.00,-9999.00,-9999.00,0.00,45.84,18.03,1.00,77.95,1.00,9.76,6.47,2.08,1.00,7.68,0.73,1.00,5.74,2.00,1.00,7.77,0.01,1.00,6.45
6,17,168,20.89,1.00,27.14,1.00,-9999.00,-9999.00,-9999.00,-9999.00,0.00,45.74,28.69,1.00,107.34,1.00,11.01,7.58,1.13,1.00,9.87,0.60,1.00,6.98,0.85,1.00,10.16,0.63,1.00,6.95
6,18,169,18.94,1.00,26.87,1.00,-9999.00,-9999.00,-9999.00,-9999.00,0.25,45.61,27.89,1.00,100.15,1.00,10.67,7.63,2.07,1.00,8.60,-0.25,1.00,7.89,1.74,1.00,8.93,0.11,1.00,7.53
6,19,170,19.14,1.00,26.64,1.00,-9999.00,-9999.00,-9999.00,-9999.00,0.00,45.48,35.06,1.00,115.62,1.00,10.28,7.64,2.56,1.00,7.72,0.50,1.00,7.14,2.67,1.00,7.61,0.69,1.00,6.95
6,20,171,9.14,1.00,23.96,1.00,-9999.00,-9999.00,-9999.00,-9999.00,0.00,45.36,9.82,1.00,54.38,1.00,8.93,6.72,2.07,1.00,6.86,1.47,1.00,5.25,2.07,1.00,6.86,1.47,1.00,5.25
6,21,172,9.76,1.00,23.50,1.00,-9999.00,-9999.00,-9999.00,-9999.00,2.92,45.27,11.43,1.00,60.55,1.00,8.73,6.53,1.98,1.00,6.75,0.58,1.00,5.94,2.38,1.00,6.34,0.58,1.00,5.94
6,22,173,8.28,1.00,23.52,1.00,-9999.00,-9999.00,-9999.00,-9999.00,0.00,45.24,6.99,1.00,53.31,1.00,8.82,6.67,1.52,1.00,7.31,1.31,1.00,5.35,1.55,1.00,7.28,1.31,1.00,5.35
6,23,174,8.85,1.00,23.48,1.00,-9999.00,-9999.00,-9999.00,-9999.00,9.27,45.22,9.42,1.00,43.27,1.00,8.86,6.92,1.84,1.00,7.02,0.80,1.00,6.12,2.00,1.00,6.87,0.73,1.00,6.20
6,24,175,9.66,1.00,23.91,1.00,-9999.00,-9999.00,-9999.00,-9999.00,19.69,45.83,6.68,1.00,59.22,1.00,8.64,6.93,2.31,1.00,6.33,1.28,1.00,5.65,2.80,1.00,5.84,0.96,1.00,5.97
6,25,176,13.02,1.00,25.00,1.00,-9999.00,-9999.00,-9999.00,-9999.00,0.76,46.38,19.76,1.00,89.74,1.00,8.92,6.88,0.88,1.00,8.04,0.70,1.00,6.18,0.97,1.00,7.96,0.67,1.00,6.21
6,26,177,19.70,1.00,26.38,1.00,-9999.00,-9999.00,-9999.00,-9999.00,0.00,46.22,31.90,1.00,99.57,1.00,9.96,7.13,2.24,1.00,7.72,0.64,1.00,6.50,2.39,1.00,7.57,0.64,1.00,6.50
6,27,178,20.22,1.00,27.13,1.00,-9999.00,-9999.00,-9999.00,-9999.00,0.89,46.04,32.37,1.00,108.43,1.00,11.35,7.25,1.51,1.00,9.84,0.82,1.00,6.43,1.73,1.00,9.62,1.06,1.00,6.20
6,28,179,14.04,1.00,24.86,1.00,-9999.00,-9999.00,-9999.00,-9999.00,2.79,45.88,14.69,1.00,69.19,1.00,9.71,7.45,2.68,1.00,7.02,0.43,1.00,7.03,3.35,1.00,6.36,0.39,1.00,7.06
6,29,180,15.18,1.00,24.84,1.00,-9999.00,-9999.00,-9999.00,-9999.00,0.63,45.78,13.33,1.00,86.26,1.00,9.60,7.66,0.65,1.00,8.95,-1.68,1.00,9.34,0.81,1.00,8.79,-1.67,1.00,9.34
6,30,181,16.48,1.00,25.64,1.00,-9999.00,-9999.00,-9999.00,-9999.00,0.00,45.69,24.98,1.00,74.62,1.00,9.95,7.90,0.94,1.00,9.01,0.27,1.00,7.63,0.65,1.00,9.30,0.53,1.00,7.37
7,1,182,18.63,1.00,26.15,1.00,-9999.00,-9999.00,-9999.00,-9999.00,0.51,45.57,25.02,1.00,107.05,1.00,9.96,7.78,2.74,1.00,7.23,1.81,1.00,5.97,2.72,1.00,7.25,1.70,1.00,6.08
7,2,183,15.08,1.00,25.50,1.00,-9999.00,-9999.00,-9999.00,-9999.00,0.00,45.46,17.76,1.00,70.73,1.00,9.72,7.56,3.11,1.00,6.61,1.03,1.00,6.53,2.77,1.00,6.95,1.20,1.00,6.36
7,3,184,18.30,1.00,26.61,1.00,-9999.00,-9999.00,-9999.00,-9999.00,0.00,45.35,22.01,1.00,110.54,1.00,10.10,8.25,1.91,1.00,8.20,0.65,1.00,7.60,1.52,1.00,8.58,0.93,1.00,7.33
7,4,185,13.08,1.00,25.32,1.00,-9999.00,-9999.00,-9999.00,-9999.00,3.56,45.25,11.69,1.00,71.52,1.00,9.14,7.63,0.89,1.00,8.25,-0.39,1.00,8.01,0.89,1.00,8.25,-0.45,1.00,8.08
7,5,186,17.80,1.00,25.56,1.00,-9999.00,-9999.00,-9999.00,-9999.00,0.76,45.22,18.48,1.00,100.54,1.00,9.16,7.13,-0.21,1.00,9.37,-0.67,1.00,7.80,-0.30,1.00,9.46,-0.75,1.00,7.89
7,6,187,18.87,1.00,26.46,1.00,-9999.00,-9999.00,-9999.00,-9999.00,0.00,45.23,26.61,1.00,102.37,1.00,9.25,6.62,0.85,1.00,8.40,-0.61,1.00,7.24,0.78,1.00,8.48,-0.47,1.00,7.09
7,7,188,17.38,1.00,26.85,1.00,-9999.00,-9999.00,-9999.00,-9999.00,0.00,45.18,22.05,1.00,92.10,1.00,9.29,6.67,1.58,1.00,7.71,2.15,1.00,4.52,1.19,1.00,8.10,2.40,1.00,4.27
7,8,189,15.37,1.00,26.16,1.00,-9999.00,-9999.00,-9999.00,-9999.00,0.63,45.09,13.42,1.00,87.00,1.00,8.58,6.75,0.17,1.00,8.41,-1.57,1.00,8.33,0.04,1.00,8.53,-1.81,1.00,8.57
7,9,190,22.14,1.00,27.11,1.00,-9999.00,-9999.00,-9999.00,-9999.00,0.00,44.98,31.18,1.00,135.27,1.00,8.95,7.26,1.34,1.00,7.61,-0.34,1.00,7.60,1.13,1.00,7.82,-0.17,1.00,7.43
7,10,191,18.58,1.00,26.84,1.00,-9999.00,-9999.00,-9999.00,-9999.00,0.00,44.83,24.98,1.00,96.64,1.00,8.33,6.99,1.14,1.00,7.19,-1.30,1.00,8.28,0.93,1.00,7.39,-1.29,1.00,8.28
7,11,192,17.81,1.00,26.43,1.00,-9999.00,-9999.00,-9999.00,-9999.00,0.00,44.69,26.89,1.00,111.39,1.00,8.22,6.79,0.55,1.00,7.67,-0.52,1.00,7.31,0.53,1.00,7.69,-0.54,1.00,7.33
7,12,193,16.37,1.00,25.99,1.00,-9999.00,-9999.00,-9999.00,-9999.00,1.65,44.54,25.09,1.00,107.05,1.00,8.89,6.83,0.79,1.00,8.10,-0.41,1.00,7.24,0.57,1.00,8.32,-0.37,1.00,7.20
7,13,194,19.75,1.00,26.24,1.00,-9999.00,-9999.00,-9999.00,-9999.00,0.51,44.42,23.92,1.00,100.58,1.00,9.72,7.55,0.59,1.00,9.12,0.27,1.00,7.27,0.62,1.00,9.09,0.27,1.00,7.28
7,14,195,17.65,1.00,25.82,1.00,-9999.00,-9999.00,-9999.00,-9999.00,0.00,44.33,22.15,1.00,91.84,1.00,9.53,7.57,1.86,1.00,7.67,0.55,1.00,7.02,1.88,1.00,7.65,0.51,1.00,7.06
7,15,196,19.09,1.00,26.18,1.00,-9999.00,-9999.00,-9999.00,-9999.00,0.00,44.22,25.81,1.00,91.43,1.00,9.21,7.59,1.49,1.00,7.72,-0.85,1.00,8.45,1.39,1.00,7.82,-0.93,1.00,8.52
7,16,197,18.48,1.00,26.52,1.00,-9999.00,-9999.00,-9999.00,-9999.00,0.25,44.09,18.93,1.00,101.41,1.00,9.63,7.51,0.59,1.00,9.04,-1.10,1.00,8.62,0.16,1.00,9.47,-1.11,1.00,8.63
7,17,198,16.72,1.00,25.05,1.00,-9999.00,-9999.00,-9999.00,-9999.00,4.95,43.96,18.54,1.00,101.17,1.00,9.10,7.17,0.84,1.00,8.27,0.01,1.00,7.16,0.89,1.00,8.21,-0.15,1.00,7.32
7,18,199,15.44,1.00,25.25,1.00,-9999.00,-9999.00,-9999.00,-9999.00,0.00,43.89,16.85,1.00,88.53,1.00,9.82,7.68,-0.62,1.00,10.44,-0.38,1.00,8.06,-0.52,1.00,10.33,-0.87,1.00,8.55
7,19,200,18.49,1.00,26.29,1.00,-9999.00,-9999.00,-9999.00,-9999.00,0.00,43.85,20.04,1.00,89.88,1.00,10.23,8.06,0.95,1.00,9.28,-0.71,1.00,8.77,0.20,1.00,10.03,-1.09,1.00,9.15
7,20,201,20.40,1.00,27.39,1.00,-9999.00,-9999.00,-9999.00,-9999.00,0.00,43.76,28.01,1.00,98.92,1.00,10.38,8.15,2.23,1.00,8.15,1.10,1.00,7.05,1.35,1.00,9.03,0.61,1.00,7.54
7,21,202,18.21,1.00,27.43,1.00,-9999.00,-9999.00,-9999.00,-9999.00,0.00,43.64,22.35,1.00,97.63,1.00,10.02,7.97,2.47,1.00,7.55,0.89,1.00,7.08,1.22,1.00,8.80,-0.04,1.00,8.01
7,22,203,19.82,1.00,26.43,1.00,-9999.00,-9999.00,-9999.00,-9999.00,0.00,43.50,26.33,1.00,111.99,1.00,9.55,7.69,0.87,1.00,8.68,1.29,1.00,6.39,0.33,1.00,9.22,1.29,1.00,6.39
7,23,204,20.72,1.00,25.87,1.00,-9999.00,-9999.00,-9999.00,-9999.00,0.00,43.33,30.46,1.00,110.18,1.00,10.43,7.80,-0.32,1.00,10.75,-0.84,1.00,8.64,-0.49,1.00,10.93,-1.19,1.00,8.99
7,24,205,19.78,1.00,27.37,1.00,-9999.00,-9999.00,-9999.00,-9999.00,0.00,43.18,28.21,1.00,106.20,1.00,11.18,8.40,-0.16,1.00,11.34,-0.93,1.00,9.33,0.35,1.00,10.83,-1.19,1.00,9.58
7,25,206,18.86,1.00,25.77,1.00,-9999.00,-9999.00,-9999.00,-9999.00,3.43,43.07,32.94,1.00,105.68,1.00,10.06,7.13,0.73,1.00,9.33,-0.10,1.00,7.23,1.58,1.00,8.48,-0.33,1.00,7.47
7,26,207,16.80,1.00,26.05,1.00,-9999.00,-9999.00,-9999.00,-9999.00,6.10,43.09,25.95,1.00,79.14,1.00,8.14,6.11,0.81,1.00,7.33,-0.12,1.00,6.23,1.54,1.00,6.60,-0.63,1.00,6.75
7,27,208,21.55,1.00,26.75,1.00,-9999.00,-9999.00,-9999.00,-9999.00,0.00,43.14,25.58,1.00,114.92,1.00,5.74,5.53,0.93,1.00,4.81,0.44,1.00,5.10,1.51,1.00,4.23,0.06,1.00,5.47
7,28,209,22.00,1.00,27.44,1.00,-9999.00,-9999.00,-9999.00,-9999.00,0.00,43.13,33.39,1.00,120.56,1.00,5.49,5.53,0.12,1.00,5.37,-0.45,1.00,5.97,0.68,1.00,4.81,-0.76,1.00,6.29
7,29,210,19.99,1.00,27.25,1.00,-9999.00,-9999.00,-9999.00,-9999.00,0.00,43.06,26.59,1.00,117.54,1.00,4.95,4.90,-0.88,1.00,5.83,-2.09,1.00,6.99,-0.15,1.00,5.10,-2.34,1.00,7.24
7,30,211,20.27,1.00,27.25,1.00,-9999.00,-9999.00,-9999.00,-9999.00,1.02,42.97,22.64,1.00,110.29,1.00,4.92,4.66,-1.96,1.00,6.87,-1.51,1.00,6.17,-0.99,1.00,5.91,-1.57,1.00,6.24
7,31,212,21.36,1.00,27.54,1.00,-9999.00,-9999.00,-9999.00,-9999.00,0.25,42.89,27.96,1.00,119.26,1.00,4.98,4.25,-1.11,1.00,6.09,-1.33,1.00,5.58,-0.83,1.00,5.81,-1.63,1.00,5.89
8,1,213,19.33,1.00,27.72,1.00,-9999.00,-9999.00,-9999.00,-9999.00,0.00,42.80,27.38,1.00,99.57,1.00,4.06,3.31,-0.67,1.00,4.74,-0.26,1.00,3.57,0.41,1.00,3.65,0.18,1.00,3.13
8,2,214,22.55,1.00,27.75,1.00,-9999.00,-9999.00,-9999.00,-9999.00,2.54,42.72,22.51,1.00,147.53,1.00,4.01,3.16,-1.06,1.00,5.07,-1.33,1.00,4.49,-0.12,1.00,4.12,-1.05,1.00,4.21
8,3,215,22.97,1.00,28.12,1.00,-9999.00,-9999.00,-9999.00,-9999.00,0.00,42.69,22.30,1.00,134.44,1.00,4.81,3.23,-1.18,1.00,5.99,-2.88,1.00,6.10,-0.34,1.00,5.15,-2.85,1.00,6.08
8,4,216,23.88,1.00,27.87,1.00,-9999.00,-9999.00,-9999.00,-9999.00,0.00,42.59,6.49,1.00,138.62,1.00,6.13,2.81,-1.26,1.00,7.39,-2.18,1.00,4.98,-0.86,1.00,6.98,-2.18,1.00,4.98
8,5,217,23.15,1.00,28.06,1.00,-9999.00,-9999.00,-9999.00,-9999.00,0.00,42.45,26.21,1.00,128.72,1.00,5.44,2.91,-1.03,1.00,6.47,-1.95,1.00,4.86,0.07,1.00,5.37,-1.58,1.00,4.49
8,6,218,23.55,1.00,27.93,1.00,-9999.00,-9999.00,-9999.00,-9999.00,0.00,42.30,27.37,1.00,135.13,1.00,5.29,2.98,-0.27,1.00,5.56,-1.09,1.00,4.07,0.99,1.00,4.31,-0.89,1.00,3.87
8,7,219,23.79,1.00,28.40,1.00,-9999.00,-9999.00,-9999.00,-9999.00,0.00,42.17,30.04,1.00,131.77,1.00,5.66,3.28,-0.62,1.00,6.28,-2.67,1.00,5.95,-0.20,1.00,5.86,-2.29,1.00,5.57
8,8,220,17.19,1.00,27.44,1.00,-9999.00,-9999.00,-9999.00,-9999.00,0.00,42.07,16.80,1.00,86.91,1.00,6.56,4.09,0.40,1.00,6.16,-1.86,1.00,5.95,0.86,1.00,5.70,-1.64,1.00,5.73
8,9,221,21.68,1.00,27.65,1.00,-9999.00,-9999.00,-9999.00,-9999.00,0.25,41.99,21.25,1.00,113.15,1.00,6.80,4.64,-0.30,1.00,7.10,-2.77,1.00,7.42,-0.60,1.00,7.40,-2.48,1.00,7.13
8,10,222,20.26,1.00,27.76,1.00,-9999.00,-9999.00,-9999.00,-9999.00,0.00,41.91,25.43,1.00,125.90,1.00,6.77,5.18,-0.46,1.00,7.23,-1.99,1.00,7.17,0.14,1.00,6.63,-1.72,1.00,6.90
8,11,223,17.91,1.00,26.63,1.00,-9999.00,-9999.00,-9999.00,-9999.00,0.00,41.85,31.69,1.00,104.09,1.00,6.18,5.10,-0.59,1.00,6.77,-0.32,1.00,5.42,0.17,1.00,6.01,-0.13,1.00,5.22
8,12,224,19.58,1.00,27.64,1.00,-9999.00,-9999.00,-9999.00,-9999.00,0.00,41.80,27.58,1.00,97.60,1.00,6.84,5.64,-0.47,1.00,7.31,-1.69,1.00,7.33,-0.28,1.00,7.11,-1.61,1.00,7.25
8,13,225,13.70,1.00,27.61,1.00,-9999.00,-9999.00,-9999.00,-9999.00,0.51,41.72,15.12,1.00,70.76,1.00,7.43,6.00,2.68,1.00,4.75,-0.48,1.00,6.48,1.38,1.00,6.05,-0.41,1.00,6.41
8,14,226,22.88,1.00,27.93,1.00,-9999.00,-9999.00,-9999.00,-9999.00,0.00,41.65,26.28,1.00,132.67,1.00,7.70,6.17,0.16,1.00,7.54,-0.81,1.00,6.98,-0.26,1.00,7.95,-0.77,1.00,6.95
8,15,227,22.47,1.00,27.61,1.00,-9999.00,-9999.00,-9999.00,-9999.00,0.51,41.59,23.95,1.00,121.53,1.00,7.93,5.83,-0.50,1.00,8.44,-1.71,1.00,7.54,-0.78,1.00,8.72,-1.71,1.00,7.54
8,16,228,22.52,1.00,27.73,1.00,-9999.00,-9999.00,-9999.00,-9999.00,0.00,41.54,35.66,1.00,130.79,1.00,7.76,5.32,-0.08,1.00,7.84,-2.28,1.00,7.61,-0.80,1.00,8.56,-2.24,1.00,7.56
8,17,229,21.82,1.00,28.05,1.00,-9999.00,-9999.00,-9999.00,-9999.00,0.00,41.49,29.39,1.00,117.68,1.00,8.53,5.64,0.38,1.00,8.16,-1.45,1.00,7.09,-0.01,1.00,8.54,-1.55,1.00,7.19
8,18,230,23.20,1.00,29.00,1.00,-9999.00,-9999.00,-9999.00,-9999.00,0.25,41.43,34.21,1.00,134.49,1.00,9.63,5.81,1.39,1.00,8.25,-2.05,1.00,7.86,0.01,1.00,9.63,-1.95,1.00,7.76
8,19,231,21.09,1.00,28.89,1.00,-9999.00,-9999.00,-9999.00,-9999.00,0.00,41.38,14.50,1.00,138.73,1.00,10.16,5.65,1.35,1.00,8.81,-0.59,1.00,6.25,0.28,1.00,9.88,-0.58,1.00,6.23
8,20,232,19.58,1.00,27.29,1.00,-9999.00,-9999.00,-9999.00,-9999.00,7.24,41.37,23.92,1.00,112.12,1.00,10.39,5.45,0.42,1.00,9.97,-2.07,1.00,7.53,-0.28,1.00,10.66,-1.95,1.00,7.41
8,21,233,18.43,1.00,27.30,1.00,-9999.00,-9999.00,-9999.00,-9999.00,0.00,41.61,13.26,1.00,92.39,1.00,10.41,5.55,1.26,1.00,9.14,-0.86,1.00,6.41,0.36,1.00,10.04,-0.89,1.00,6.43
8,22,234,10.35,1.00,27.46,1.00,-9999.00,-9999.00,-9999.00,-9999.00,0.00,41.74,13.53,1.00,51.92,1.00,9.65,5.59,4.38,1.00,5.28,0.13,1.00,5.45,2.98,1.00,6.67,0.11,1.00,5.48
8,23,235,21.67,1.00,27.95,1.00,-9999.00,-9999.00,-9999.00,-9999.00,0.25,41.72,30.04,1.00,116.80,1.00,8.85,5.73,0.93,1.00,7.92,-0.25,1.00,5.98,0.56,1.00,8.29,-0.25,1.00,5.98
8,24,236,20.98,1.00,27.72,1.00,-9999.00,-9999.00,-9999.00,-9999.00,0.00,41.63,36.17,1.00,121.07,1.00,8.80,6.07,0.79,1.00,8.01,-1.09,1.00,7.16,0.44,1.00,8.36,-1.14,1.00,7.21
8,25,237,19.68,1.00,27.73,1.00,-9999.00,-9999.00,-9999.00,-9999.00,0.00,41.53,24.59,1.00,116.98,1.00,7.93,6.07,0.41,1.00,7.52,0.31,1.00,5.76,0.64,1.00,7.29,0.28,1.00,5.79
8,26,238,22.40,1.00,27.69,1.00,-9999.00,-9999.00,-9999.00,-9999.00,0.00,41.44,32.57,1.00,118.48,1.00,7.49,5.84,-0.74,1.00,8.23,-2.35,1.00,8.18,-0.40,1.00,7.89,-2.05,1.00,7.89
8,27,239,23.14,1.00,28.03,1.00,-9999.00,-9999.00,-9999.00,-9999.00,0.25,41.37,32.39,1.00,103.96,1.00,7.74,6.23,1.62,1.00,6.12,-0.44,1.00,6.68,1.45,1.00,6.29,-0.44,1.00,6.67
8,28,240,21.28,1.00,28.16,1.00,-9999.00,-9999.00,-9999.00,-9999.00,0.00,41.32,23.21,1.00,112.71,1.00,7.60,6.16,-0.06,1.00,7.65,-1.63,1.00,7.79,0.02,1.00,7.58,-1.68,1.00,7.83
8,29,241,19.62,1.00,28.06,1.00,-9999.00,-9999.00,-9999.00,-9999.00,0.00,41.28,16.64,1.00,113.35,1.00,7.62,6.13,0.34,1.00,7.28,-1.05,1.00,7.18,-0.20,1.00,7.82,-1.05,1.00,7.18
8,30,242,21.79,1.00,28.12,1.00,-9999.00,-9999.00,-9999.00,-9999.00,0.00,41.25,31.26,1.00,131.35,1.00,8.24,6.22,-0.75,1.00,9.00,-2.95,1.00,9.16,-1.01,1.00,9.26,-2.95,1.00,9.16
8,31,243,18.63,1.00,27.69,1.00,-9999.00,-9999.00,-9999.00,-9999.00,0.00,41.20,16.71,1.00,95.13,1.00,8.33,6.55,-0.51,1.00,8.83,-2.18,1.00,8.73,-1.11,1.00,9.44,-2.30,1.00,8.84
9,1,244,19.76,1.00,27.56,1.00,-9999.00,-9999.00,-9999.00,-9999.00,0.00,41.17,22.93,1.00,109.42,1.00,8.18,6.40,-0.11,1.00,8.29,-1.49,1.00,7.89,0.09,1.00,8.08,-1.57,1.00,7.97
9,2,245,19.89,1.00,27.44,1.00,-9999.00,-9999.00,-9999.00,-9999.00,0.00,41.11,23.01,1.00,109.41,1.00,9.06,6.41,-0.07,1.00,9.13,-1.59,1.00,8.00,0.18,1.00,8.88,-1.34,1.00,7.75
9,3,246,19.96,1.00,27.48,1.00,-9999.00,-9999.00,-9999.00,-9999.00,0.25,41.07,23.68,1.00,109.44,1.00,9.63,6.85,-1.12,1.00,10.75,-1.95,1.00,8.80,-1.17,1.00,10.80,-1.95,1.00,8.80
9,4,247,18.51,1.00,26.97,1.00,-9999.00,-9999.00,-9999.00,-9999.00,20.32,41.34,21.85,1.00,110.66,1.00,9.88,6.83,-0.13,1.00,10.00,-0.89,1.00,7.72,0.20,1.00,9.68,-1.10,1.00,7.93
9,5,248,19.92,1.00,27.28,1.00,-9999.00,-9999.00,-9999.00,-9999.00,0.00,42.62,24.91,1.00,131.58,1.00,9.94,7.36,0.43,1.00,9.51,-1.16,1.00,8.52,0.53,1.00,9.41,-1.13,1.00,8.49
9,6,249,17.48,1.00,27.47,1.00,-9999.00,-9999.00,-9999.00,-9999.00,0.00,42.85,21.86,1.00,87.23,1.00,9.00,7.33,-0.32,1.00,9.31,-1.57,1.00,8.90,0.31,1.00,8.68,-1.81,1.00,9.14
9,7,250,19.96,1.00,25.36,1.00,-9999.00,-9999.00,-9999.00,-9999.00,0.00,44.48,30.66,1.00,113.49,1.00,6.97,6.32,-0.52,1.00,7.50,-0.91,1.00,7.22,1.14,1.00,5.84,-1.12,1.00,7.43
9,8,251,19.91,1.00,24.53,1.00,-9999.00,-9999.00,-9999.00,-9999.00,0.00,45.93,32.11,1.00,111.78,1.00,6.19,5.88,-0.35,1.00,6.54,-0.09,1.00,5.97,-0.05,1.00,6.24,0.62,1.00,5.26
9,9,252,17.14,1.00,26.20,1.00,-9999.00,-9999.00,-9999.00,-9999.00,0.25,45.62,35.25,1.00,91.26,1.00,6.45,6.29,-1.40,1.00,7.84,-2.65,1.00,8.94,-1.04,1.00,7.48,-2.45,1.00,8.75
9,10,253,20.20,1.00,27.68,1.00,-9999.00,-9999.00,-9999.00,-9999.00,0.00,45.29,41.22,1.00,105.67,1.00,5.97,6.77,0.21,1.00,5.76,1.54,1.00,5.23,0.13,1.00,5.84,1.79,1.00,4.98
9,11,254,23.18,1.00,28.39,1.00,-9999.00,-9999.00,-9999.00,-9999.00,0.00,44.98,37.99,1.00,128.69,1.00,5.89,7.03,-0.34,1.00,6.23,-0.02,1.00,7.05,-0.48,1.00,6.37,-0.00,1.00,7.03
9,12,255,20.51,1.00,28.14,1.00,-9999.00,-9999.00,-9999.00,-9999.00,0.00,44.67,30.81,1.00,122.10,1.00,5.80,6.33,0.10,1.00,5.70,0.02,1.00,6.32,-0.04,1.00,5.84,-0.12,1.00,6.45
9,13,256,19.95,1.00,27.03,1.00,-9999.00,-9999.00,-9999.00,-9999.00,0.00,44.36,33.88,1.00,112.09,1.00,5.60,5.49,-0.41,1.00,6.01,-0.83,1.00,6.32,0.47,1.00,5.13,-0.64,1.00,6.13
9,14,257,20.02,1.00,27.09,1.00,-9999.00,-9999.00,-9999.00,-9999.00,0.00,44.07,34.13,1.00,112.58,1.00,6.28,5.06,-0.32,1.00,6.60,-0.52,1.00,5.58,0.63,1.00,5.65,-0.45,1.00,5.50
9,15,258,23.81,1.00,27.78,1.00,-9999.00,-9999.00,-9999.00,-9999.00,0.00,43.77,39.14,1.00,127.60,1.00,7.80,5.50,0.96,1.00,6.84,-0.77,1.00,6.27,1.62,1.00,6.18,-0.77,1.00,6.27
9,16,259,22.41,1.00,29.38,1.00,-9999.00,-9999.00,-9999.00,-9999.00,0.00,43.44,22.85,1.00,126.32,1.00,11.14,5.52,0.60,1.00,10.54,0.61,1.00,4.91,-0.67,1.00,11.81,0.44,1.00,5.08
9,17,260,20.32,1.00,27.68,1.00,-9999.00,-9999.00,-9999.00,-9999.00,0.00,43.07,40.19,1.00,108.91,1.00,12.79,5.16,0.36,1.00,12.43,-2.25,1.00,7.41,0.26,1.00,12.53,-2.56,1.00,7.72
9,18,261,14.70,1.00,25.66,1.00,-9999.00,-9999.00,-9999.00,-9999.00,14.22,42.93,20.34,1.00,77.47,1.00,12.08,5.05,2.77,1.00,9.31,-0.17,1.00,5.22,4.18,1.00,7.89,-0.58,1.00,5.64
9,19,262,16.34,1.00,25.08,1.00,-9999.00,-9999.00,-9999.00,-9999.00,0.13,43.30,28.10,1.00,101.66,1.00,12.84,5.16,2.30,1.00,10.54,-0.59,1.00,5.75,2.06,1.00,10.78,-0.74,1.00,5.90
9,20,263,18.28,1.00,25.76,1.00,-9999.00,-9999.00,-9999.00,-9999.00,2.41,43.52,30.51,1.00,101.18,1.00,13.43,5.52,2.69,1.00,10.73,-1.75,1.00,7.27,2.24,1.00,11.19,-1.68,1.00,7.20
9,21,264,18.66,1.00,26.83,1.00,-9999.00,-9999.00,-9999.00,-9999.00,0.51,43.52,31.75,1.00,88.78,1.00,14.32,5.79,1.83,1.00,12.48,-1.20,1.00,7.00,0.54,1.00,13.78,-1.12,1.00,6.91
9,22,265,20.49,1.00,27.80,1.00,-9999.00,-9999.00,-9999.00,-9999.00,1.27,43.43,24.49,1.00,107.11,1.00,15.65,6.19,2.26,1.00,13.40,-0.62,1.00,6.81,1.42,1.00,14.23,-0.74,1.00,6.93
9,23,266,23.42,1.00,27.81,1.00,-9999.00,-9999.00,-9999.00,-9999.00,0.00,43.27,36.91,1.00,126.05,1.00,13.45,6.27,0.64,1.00,12.81,-1.61,1.00,7.88,-0.27,1.00,13.71,-1.67,1.00,7.95
9,24,267,22.41,1.00,28.05,1.00,-9999.00,-9999.00,-9999.00,-9999.00,0.00,43.04,37.99,1.00,125.39,1.00,13.21,6.29,0.35,1.00,12.86,-1.54,1.00,7.83,-0.80,1.00,14.01,-1.63,1.00,7.92
9,25,268,20.82,1.00,28.00,1.00,-9999.00,-9999.00,-9999.00,-9999.00,0.00,42.79,42.22,1.00,111.56,1.00,11.47,6.14,0.25,1.00,11.22,-1.73,1.00,7.87,-0.71,1.00,12.18,-2.07,1.00,8.21
9,26,269,21.77,1.00,27.87,1.00,-9999.00,-9999.00,-9999.00,-9999.00,0.00,42.50,32.80,1.00,119.17,1.00,10.86,5.97,0.30,1.00,10.57,-0.99,1.00,6.97,-0.18,1.00,11.04,-0.99,1.00,6.97
9,27,270,21.67,1.00,28.14,1.00,-9999.00,-9999.00,-9999.00,-9999.00,0.00,42.16,28.70,1.00,105.87,1.00,10.40,5.55,1.32,1.00,9.07,-1.04,1.00,6.59,0.58,1.00,9.81,-1.01,1.00,6.57
9,28,271,21.07,1.00,27.69,1.00,-9999.00,-9999.00,-9999.00,-9999.00,0.00,41.83,34.02,1.00,126.11,1.00,10.25,5.53,-0.51,1.00,10.75,-1.28,1.00,6.80,-0.14,1.00,10.39,-1.28,1.00,6.80
9,29,272,21.26,1.00,27.72,1.00,-9999.00,-9999.00,-9999.00,-9999.00,0.00,41.56,32.93,1.00,115.18,1.00,9.38,5.65,-0.02,1.00,9.41,-1.86,1.00,7.51,-0.08,1.00,9.46,-1.96,1.00,7.61
9,30,273,23.97,1.00,28.14,1.00,-9999.00,-9999.00,-9999.00,-9999.00,0.00,41.37,52.91,1.00,119.63,1.00,8.29,5.66,0.42,1.00,7.87,-1.62,1.00,7.28,-0.05,1.00,8.34,-1.90,1.00,7.56
10,1,274,22.06,1.00,28.01,1.00,-9999.00,-9999.00,-9999.00,-9999.00,0.00,41.24,32.58,1.00,128.09,1.00,7.55,5.42,-0.64,1.00,8.18,-2.95,1.00,8.37,-0.39,1.00,7.94,-3.18,1.00,8.61
10,2,275,21.81,1.00,27.66,1.00,-9999.00,-9999.00,-9999.00,-9999.00,0.00,41.13,28.57,1.00,111.35,1.00,6.52,5.13,-0.51,1.00,7.03,-1.47,1.00,6.60,-0.48,1.00,6.99,-1.54,1.00,6.67
10,3,276,22.13,1.00,27.93,1.00,-9999.00,-9999.00,-9999.00,-9999.00,0.00,41.04,42.57,1.00,134.95,1.00,6.66,4.87,-1.84,1.00,8.50,-3.36,1.00,8.23,-1.81,1.00,8.47,-3.43,1.00,8.30
10,4,277,23.81,1.00,28.16,1.00,-9999.00,-9999.00,-9999.00,-9999.00,0.00,40.97,50.58,1.00,129.62,1.00,6.57,4.62,-2.24,1.00,8.81,-1.66,1.00,6.28,-1.85,1.00,8.42,-1.99,1.00,6.61
10,5,278,24.35,1.00,28.01,1.00,-9999.00,-9999.00,-9999.00,-9999.00,0.00,40.90,43.96,1.00,112.29,1.00,6.18,4.54,-1.20,1.00,7.38,-2.29,1.00,6.84,-0.84,1.00,7.02,-2.54,1.00,7.08
10,6,279,23.31,1.00,28.71,1.00,-9999.00,-9999.00,-9999.00,-9999.00,0.00,40.83,36.72,1.00,112.53,1.00,5.68,4.31,-1.81,1.00,7.49,-3.95,1.00,8.26,-2.15,1.00,7.83,-4.14,1.00,8.44
10,7,280,22.21,1.00,28.51,1.00,-9999.00,-9999.00,-9999.00,-9999.00,0.00,40.77,36.94,1.00,100.33,1.00,5.64,3.99,-1.40,1.00,7.05,-3.04,1.00,7.02,-1.99,1.00,7.64,-3.14,1.00,7.13
10,8,281,22.12,1.00,28.60,1.00,-9999.00,-9999.00,-9999.00,-9999.00,0.25,40.72,35.25,1.00,107.99,1.00,5.80,4.03,-2.22,1.00,8.02,-3.28,1.00,7.32,-2.86,1.00,8.66,-3.35,1.00,7.38
10,9,282,19.84,1.00,28.29,1.00,-9999.00,-9999.00,-9999.00,-9999.00,2.03,40.67,38.14,1.00,98.99,1.00,5.95,3.94,-0.22,1.00,6.17,-2.23,1.00,6.18,-0.94,1.00,6.89,-2.36,1.00,6.30
10,10,283,18.70,1.00,28.27,1.00,-9999.00,-9999.00,-9999.00,-9999.00,0.00,40.70,21.68,1.00,110.74,1.00,6.16,3.94,-0.17,1.00,6.34,-1.47,1.00,5.41,-0.38,1.00,6.55,-1.69,1.00,5.62
10,11,284,15.11,1.00,28.00,1.00,-9999.00,-9999.00,-9999.00,-9999.00,0.00,40.67,4.77,1.00,91.36,1.00,7.24,4.47,-1.74,1.00,8.99,-2.40,1.00,6.87,-2.15,1.00,9.39,-2.40,1.00,6.87
10,12,285,20.21,1.00,28.24,1.00,-9999.00,-9999.00,-9999.00,-9999.00,0.00,40.62,33.70,1.00,112.79,1.00,7.73,4.92,-1.94,1.00,9.67,-3.36,1.00,8.28,-2.45,1.00,10.18,-3.44,1.00,8.37
10,13,286,15.81,1.00,27.43,1.00,-9999.00,-9999.00,-9999.00,-9999.00,0.00,40.59,29.78,1.00,86.43,1.00,7.58,5.12,-1.62,1.00,9.21,-2.72,1.00,7.84,-1.46,1.00,9.05,-3.10,1.00,8.23
10,14,287,14.43,1.00,27.13,1.00,-9999.00,-9999.00,-9999.00,-9999.00,0.51,40.55,12.33,1.00,74.12,1.00,7.50,5.29,-1.01,1.00,8.50,-1.85,1.00,7.14,-0.41,1.00,7.91,-2.12,1.00,7.40
10,15,288,19.26,1.00,27.66,1.00,-9999.00,-9999.00,-9999.00,-9999.00,0.00,40.53,16.66,1.00,113.32,1.00,7.69,5.46,-0.51,1.00,8.20,-0.30,1.00,5.76,-0.46,1.00,8.16,-0.30,1.00,5.76
10,16,289,23.41,1.00,27.69,1.00,-9999.00,-9999.00,-9999.00,-9999.00,0.00,40.48,39.92,1.00,121.72,1.00,7.83,5.44,-1.39,1.00,9.22,-1.91,1.00,7.35,-1.09,1.00,8.91,-1.91,1.00,7.35
10,17,290,21.95,1.00,28.02,1.00,-9999.00,-9999.00,-9999.00,-9999.00,0.00,40.42,36.51,1.00,84.16,1.00,7.79,5.45,-0.48,1.00,8.26,-2.83,1.00,8.28,-0.62,1.00,8.41,-3.09,1.00,8.54
10,18,291,20.54,1.00,28.70,1.00,-9999.00,-9999.00,-9999.00,-9999.00,0.25,40.38,43.95,1.00,102.68,1.00,7.28,5.51,-0.01,1.00,7.29,-1.39,1.00,6.90,-0.50,1.00,7.79,-2.26,1.00,7.77
10,19,292,19.88,1.00,28.50,1.00,-9999.00,-9999.00,-9999.00,-9999.00,0.00,40.33,40.65,1.00,123.81,1.00,6.03,5.17,-1.68,1.00,7.71,-3.77,1.00,8.94,-2.06,1.00,8.10,-4.30,1.00,9.48
10,20,293,21.43,1.00,28.41,1.00,-9999.00,-9999.00,-9999.00,-9999.00,0.00,40.28,35.11,1.00,116.26,1.00,5.61,4.86,-1.37,1.00,6.98,-2.46,1.00,7.32,-2.29,1.00,7.90,-2.49,1.00,7.35
10,21,294,23.25,1.00,28.78,1.00,-9999.00,-9999.00,-9999.00,-9999.00,0.00,40.21,41.96,1.00,123.34,1.00,5.69,4.57,-0.68,1.00,6.37,-0.71,1.00,5.28,-0.49,1.00,6.18,-0.83,1.00,5.39
10,22,295,21.16,1.00,28.26,1.00,-9999.00,-9999.00,-9999.00,-9999.00,0.00,40.16,32.26,1.00,110.39,1.00,6.37,4.78,-2.39,1.00,8.77,-2.74,1.00,7.52,-2.33,1.00,8.70,-2.74,1.00,7.52
10,23,296,18.71,1.00,28.63,1.00,-9999.00,-9999.00,-9999.00,-9999.00,0.00,40.11,28.89,1.00,101.76,1.00,6.60,4.95,-1.90,1.00,8.51,-3.08,1.00,8.03,-2.40,1.00,9.01,-3.35,1.00,8.30
10,24,297,21.48,1.00,28.81,1.00,-9999.00,-9999.00,-9999.00,-9999.00,0.00,40.03,51.25,1.00,120.09,1.00,6.67,5.05,-1.89,1.00,8.55,-4.07,1.00,9.12,-2.61,1.00,9.28,-4.23,1.00,9.28
10,25,298,14.77,1.00,26.93,1.00,-9999.00,-9999.00,-9999.00,-9999.00,0.00,39.97,24.76,1.00,87.31,1.00,6.20,4.88,-0.03,1.00,6.23,-3.43,1.00,8.31,0.40,1.00,5.80,-3.56,1.00,8.44
10,26,299,14.90,1.00,24.90,1.00,-9999.00,-9999.00,-9999.00,-9999.00,0.51,39.93,33.33,1.00,62.85,1.00,6.65,4.25,0.06,1.00,6.59,-1.01,1.00,5.26,1.19,1.00,5.46,-1.24,1.00,5.48
10,27,300,20.12,1.00,27.59,1.00,-9999.00,-9999.00,-9999.00,-9999.00,0.00,39.93,44.48,1.00,86.29,1.00,9.14,4.47,-1.08,1.00,10.21,-0.32,1.00,4.79,-0.61,1.00,9.75,-1.12,1.00,5.60
10,28,301,18.91,1.00,28.30,1.00,-9999.00,-9999.00,-9999.00,-9999.00,0.00,39.95,31.13,1.00,99.94,1.00,8.97,4.74,-0.80,1.00,9.77,-1.07,1.00,5.81,-1.11,1.00,10.08,-1.39,1.00,6.12
10,29,302,14.67,1.00,27.81,1.00,-9999.00,-9999.00,-9999.00,-9999.00,0.25,39.92,25.49,1.00,71.77,1.00,7.91,4.98,0.08,1.00,7.83,-1.71,1.00,6.69,-0.01,1.00,7.91,-2.03,1.00,7.01
10,30,303,16.87,1.00,27.76,1.00,-9999.00,-9999.00,-9999.00,-9999.00,0.00,39.92,27.03,1.00,104.14,1.00,6.75,4.96,-2.29,1.00,9.04,-3.50,1.00,8.47,-2.71,1.00,9.46,-3.52,1.00,8.48
10,31,304,12.54,1.00,27.16,1.00,-9999.00,-9999.00,-9999.00,-9999.00,4.32,39.92,18.68,1.00,76.33,1.00,6.47,4.82,-1.36,1.00,7.84,-2.97,1.00,7.79,-0.83,1.00,7.30,-3.04,1.00,7.86
11,1,305,14.98,1.00,25.64,1.00,-9999.00,-9999.00,-9999.00,-9999.00,11.43,40.30,26.66,1.00,84.87,1.00,5.82,4.42,-0.66,1.00,6.48,-0.84,1.00,5.26,0.47,1.00,5.34,-0.84,1.00,5.26
11,2,306,16.63,1.00,26.89,1.00,-9999.00,-9999.00,-9999.00,-9999.00,0.00,40.50,16.78,1.00,91.59,1.00,5.97,4.34,-0.84,1.00,6.81,-1.30,1.00,5.64,-0.61,1.00,6.58,-1.45,1.00,5.79
11,3,307,20.98,1.00,28.44,1.00,-9999.00,-9999.00,-9999.00,-9999.00,0.00,40.36,44.21,1.00,125.59,1.00,5.83,4.69,0.42,1.00,5.41,-0.60,1.00,5.29,-0.80,1.00,6.63,-1.65,1.00,6.34
11,4,308,15.42,1.00,28.25,1.00,-9999.00,-9999.00,-9999.00,-9999.00,0.00,40.19,18.95,1.00,81.30,1.00,5.48,4.69,-0.81,1.00,6.29,-1.40,1.00,6.09,-0.96,1.00,6.44,-1.39,1.00,6.09
11,5,309,18.87,1.00,28.49,1.00,-9999.00,-9999.00,-9999.00,-9999.00,0.76,40.08,26.69,1.00,103.09,1.00,5.65,4.50,-1.06,1.00,6.71,-1.87,1.00,6.36,-1.75,1.00,7.40,-1.84,1.00,6.34
11,6,310,21.33,1.00,28.94,1.00,-9999.00,-9999.00,-9999.00,-9999.00,0.00,39.99,37.97,1.00,102.97,1.00,6.32,4.20,-0.21,1.00,6.53,-1.41,1.00,5.61,-0.63,1.00,6.94,-1.41,1.00,5.61
11,7,311,16.08,1.00,28.69,1.00,-9999.00,-9999.00,-9999.00,-9999.00,1.27,39.94,29.67,1.00,85.47,1.00,5.34,3.80,-0.63,1.00,5.97,-1.47,1.00,5.27,-0.69,1.00,6.02,-1.62,1.00,5.42
11,8,312,12.22,1.00,27.14,1.00,-9999.00,-9999.00,-9999.00,-9999.00,10.16,40.01,8.04,1.00,80.29,1.00,4.18,3.45,-1.02,1.00,5.20,-1.59,1.00,5.04,-0.58,1.00,4.76,-1.28,1.00,4.72
11,9,313,16.66,1.00,27.86,1.00,-9999.00,-9999.00,-9999.00,-9999.00,0.00,40.18,25.18,1.00,95.07,1.00,3.76,3.39,-1.80,1.00,5.56,-2.73,1.00,6.12,-1.81,1.00,5.57,-2.79,1.00,6.18
11,10,314,18.06,1.00,27.97,1.00,-9999.00,-9999.00,-9999.00,-9999.00,0.00,40.11,30.99,1.00,113.31,1.00,3.78,3.41,-0.83,1.00,4.61,-2.30,1.00,5.72,-0.86,1.00,4.64,-2.28,1.00,5.69
11,11,315,18.68,1.00,28.39,1.00,-9999.00,-9999.00,-9999.00,-9999.00,0.00,40.02,36.95,1.00,124.32,1.00,3.89,3.44,-1.96,1.00,5.86,-2.45,1.00,5.89,-1.64,1.00,5.53,-2.52,1.00,5.96
11,12,316,17.98,1.00,28.32,1.00,-9999.00,-9999.00,-9999.00,-9999.00,0.00,39.95,33.63,1.00,87.69,1.00,3.60,3.09,-1.98,1.00,5.58,-3.13,1.00,6.22,-1.63,1.00,5.23,-3.04,1.00,6.13
11,13,317,14.59,1.00,28.16,1.00,-9999.00,-9999.00,-9999.00,-9999.00,7.87,40.00,17.29,1.00,80.13,1.00,3.43,3.11,-0.86,1.00,4.29,-2.33,1.00,5.44,-0.94,1.00,4.37,-2.40,1.00,5.50
11,14,318,19.04,1.00,28.32,1.00,-9999.00,-9999.00,-9999.00,-9999.00,0.25,40.31,25.46,1.00,121.57,1.00,2.92,3.44,-1.81,0.98,4.73,-2.64,0.98,6.08,-1.52,1.00,4.44,-2.75,1.00,6.18
11,15,319,20.91,1.00,28.75,1.00,-9999.00,-9999.00,-9999.00,-9999.00,0.00,40.10,32.69,1.00,110.82,1.00,3.35,3.21,-2.38,0.90,5.74,-3.09,0.90,6.30,-1.63,1.00,4.98,-2.47,1.00,5.68
11,16,320,18.46,1.00,28.56,1.00,-9999.00,-9999.00,-9999.00,-9999.00,0.00,39.93,17.54,1.00,112.09,1.00,3.56,2.76,-1.94,1.00,5.50,-2.57,1.00,5.33,-0.75,1.00,4.32,-1.49,1.00,4.25
11,17,321,15.54,1.00,28.39,1.00,-9999.00,-9999.00,-9999.00,-9999.00,0.00,39.83,18.01,1.00,102.38,1.00,3.74,2.88,-1.76,1.00,5.50,-2.29,1.00,5.18,-1.06,1.00,4.80,-1.79,1.00,4.67
11,18,322,17.60,1.00,28.38,1.00,-9999.00,-9999.00,-9999.00,-9999.00,0.00,39.77,34.76,1.00,108.03,1.00,3.94,3.11,-2.28,0.88,6.22,-2.61,0.90,5.72,-0.96,1.00,4.90,-1.65,1.00,4.76
11,19,323,18.72,1.00,28.41,1.00,-9999.00,-9999.00,-9999.00,-9999.00,0.00,39.73,30.08,1.00,95.54,1.00,4.15,3.34,-1.90,0.42,6.04,-3.35,0.90,6.70,-0.82,1.00,4.97,-1.65,1.00,5.00
11,20,324,17.38,1.00,27.97,1.00,-9999.00,-9999.00,-9999.00,-9999.00,0.00,39.73,21.58,1.00,104.31,1.00,4.26,3.51,-1.69,0.17,5.95,-3.05,0.38,6.56,-0.89,1.00,5.15,-2.25,1.00,5.76
11,21,325,17.30,1.00,27.98,1.00,-9999.00,-9999.00,-9999.00,-9999.00,0.00,39.78,22.16,1.00,104.22,1.00,4.46,3.74,-1.86,0.00,6.32,-2.78,0.00,6.52,-0.84,1.00,5.30,-2.38,1.00,6.12
11,22,326,17.15,1.00,27.96,1.00,-9999.00,-9999.00,-9999.00,-9999.00,0.00,39.75,23.75,1.00,104.17,1.00,4.65,3.97,-1.88,0.00,6.53,-2.70,0.00,6.66,-0.81,1.00,5.47,-2.39,1.00,6.36
11,23,327,16.84,1.00,27.86,1.00,-9999.00,-9999.00,-9999.00,-9999.00,0.00,39.71,26.31,1.00,101.28,1.00,4.83,4.17,-1.20,0.00,6.03,-2.12,0.00,6.29,-0.66,1.00,5.49,-2.33,1.00,6.50
11,24,328,16.93,1.00,27.81,1.00,-9999.00,-9999.00,-9999.00,-9999.00,0.00,39.67,31.55,1.00,102.47,1.00,5.01,4.39,-1.38,0.00,6.40,-1.99,0.00,6.38,-0.63,1.00,5.64,-2.36,1.00,6.75
11,25,329,16.92,1.00,27.75,1.00,-9999.00,-9999.00,-9999.00,-9999.00,0.00,39.65,32.98,1.00,97.40,1.00,5.20,4.61,-1.35,0.00,6.54,-1.84,0.00,6.45,-0.58,1.00,5.77,-2.37,1.00,6.98
11,26,330,16.97,1.00,27.74,1.00,-9999.00,-9999.00,-9999.00,-9999.00,0.00,39.64,33.80,1.00,93.90,1.00,5.39,4.83,-0.87,0.00,6.26,-1.91,0.00,6.74,-0.53,1.00,5.92,-2.36,1.00,7.18
11,27,331,16.91,1.00,27.73,1.00,-9999.00,-9999.00,-9999.00,-9999.00,0.00,39.64,37.10,1.00,88.37,1.00,5.58,5.05,-0.82,0.00,6.41,-1.46,0.00,6.51,-0.54,1.00,6.12,-2.42,1.00,7.47
11,28,332,17.26,1.00,27.26,1.00,-9999.00,-9999.00,-9999.00,-9999.00,0.25,39.52,42.29,1.00,89.53,1.00,5.65,5.18,-0.33,0.00,5.98,-1.10,0.00,6.28,-0.00,1.00,5.66,-2.25,1.00,7.43
11,29,333,10.27,1.00,25.68,1.00,-9999.00,-9999.00,-9999.00,-9999.00,0.89,39.46,15.48,1.00,63.27,1.00,5.42,5.07,2.66,0.19,2.76,1.95,0.25,3.13,3.47,1.00,1.94,0.22,1.00,4.86
11,30,334,15.82,1.00,27.35,1.00,-9999.00,-9999.00,-9999.00,-9999.00,0.00,39.45,40.85,1.00,103.94,1.00,6.07,5.65,0.18,0.79,5.89,-0.12,0.79,5.77,-0.49,1.00,6.56,-1.75,1.00,7.40
12,1,335,19.21,0.94,28.66,1.00,-9999.00,-9999.00,-9999.00,-9999.00,0.00,39.41,46.03,1.00,101.80,1.00,6.64,6.15,-0.70,0.77,7.34,-0.85,0.77,7.00,-0.93,1.00,7.57,-1.72,1.00,7.87
12,2,336,17.76,1.00,27.95,1.00,-9999.00,-9999.00,-9999.00,-9999.00,0.00,39.39,33.60,1.00,79.97,1.00,6.62,6.22,-1.22,0.88,7.84,-1.40,0.88,7.62,-0.36,1.00,6.98,-1.70,1.00,7.92
12,3,337,16.64,1.00,27.29,1.00,-9999.00,-9999.00,-9999.00,-9999.00,0.00,39.43,32.09,1.00,91.45,1.00,6.57,6.18,-0.82,0.94,7.39,-1.72,1.00,7.91,-0.35,1.00,6.92,-1.95,1.00,8.13
12,4,338,17.90,1.00,26.26,1.00,-9999.00,-9999.00,-9999.00,-9999.00,0.00,39.31,60.73,1.00,85.67,1.00,6.14,5.65,-0.51,0.88,6.65,-0.96,0.90,6.61,0.78,1.00,5.36,0.01,1.00,5.63
12,5,339,16.65,1.00,27.84,1.00,-9999.00,-9999.00,-9999.00,-9999.00,0.00,39.28,30.32,0.98,93.65,0.98,6.85,6.57,-0.12,0.96,6.97,-0.98,0.98,7.55,-0.69,1.00,7.54,-1.97,1.00,8.54
12,6,340,15.59,1.00,28.44,1.00,-9999.00,-9999.00,-9999.00,-9999.00,0.00,39.24,24.03,1.00,89.90,1.00,7.24,6.93,0.10,0.98,7.14,0.04,0.98,6.89,-0.40,1.00,7.64,-0.63,1.00,7.57
12,7,341,17.19,1.00,28.46,1.00,-9999.00,-9999.00,-9999.00,-9999.00,0.00,39.21,34.64,1.00,83.35,1.00,7.29,7.06,-0.28,1.00,7.57,-0.91,1.00,7.97,-0.72,1.00,8.02,-0.91,1.00,7.97
12,8,342,13.17,1.00,26.78,1.00,-9999.00,-9999.00,-9999.00,-9999.00,14.35,39.32,23.40,1.00,86.01,1.00,7.51,6.95,-0.22,1.00,7.73,-1.29,1.00,8.24,-0.26,1.00,7.76,-1.29,1.00,8.24
12,9,343,13.75,1.00,26.23,1.00,-9999.00,-9999.00,-9999.00,-9999.00,0.00,39.79,3.65,1.00,91.61,1.00,7.74,6.71,-0.47,1.00,8.21,0.04,1.00,6.68,-0.26,1.00,8.00,0.04,1.00,6.68
12,10,344,15.80,1.00,26.55,1.00,-9999.00,-9999.00,-9999.00,-9999.00,7.11,39.74,35.37,1.00,84.08,1.00,7.98,6.66,0.93,1.00,7.05,-1.26,1.00,7.92,0.88,1.00,7.09,-1.26,1.00,7.92
12,11,345,16.10,0.94,27.62,1.00,-9999.00,-9999.00,-9999.00,-9999.00,1.78,39.97,27.96,1.00,118.10,1.00,8.60,6.87,0.72,1.00,7.89,0.61,1.00,6.26,0.12,1.00,8.49,0.52,1.00,6.35
12,12,346,16.71,1.00,28.20,1.00,-9999.00,-9999.00,-9999.00,-9999.00,0.00,39.69,24.39,1.00,107.72,1.00,9.16,6.81,1.94,1.00,7.23,0.86,1.00,5.95,0.89,1.00,8.27,0.69,1.00,6.12
12,13,347,16.20,1.00,28.10,1.00,-9999.00,-9999.00,-9999.00,-9999.00,0.00,39.46,25.92,1.00,88.11,1.00,8.87,6.42,0.93,1.00,7.93,0.11,1.00,6.30,-0.40,1.00,9.27,0.11,1.00,6.30
12,14,348,16.52,1.00,28.16,1.00,-9999.00,-9999.00,-9999.00,-9999.00,0.00,39.34,24.53,1.00,94.91,1.00,8.54,6.24,-0.17,1.00,8.72,-0.50,1.00,6.74,-1.06,1.00,9.60,-0.50,1.00,6.74
12,15,349,18.51,0.94,28.65,1.00,-9999.00,-9999.00,-9999.00,-9999.00,0.00,39.26,54.00,1.00,102.45,1.00,8.64,6.08,-0.02,1.00,8.66,-0.64,1.00,6.72,-1.38,1.00,10.03,-0.82,1.00,6.90
12,16,350,17.21,1.00,28.78,1.00,-9999.00,-9999.00,-9999.00,-9999.00,0.00,39.20,37.85,1.00,105.35,1.00,8.05,5.60,0.03,1.00,8.02,-1.54,1.00,7.14,-1.63,1.00,9.67,-2.16,1.00,7.76
12,17,351,16.31,1.00,28.65,1.00,-9999.00,-9999.00,-9999.00,-9999.00,0.00,39.15,26.02,1.00,85.60,1.00,7.31,5.43,-0.44,1.00,7.75,-1.52,1.00,6.95,-1.11,1.00,8.42,-1.52,1.00,6.95
12,18,352,17.12,1.00,28.08,1.00,-9999.00,-9999.00,-9999.00,-9999.00,0.00,39.12,38.67,1.00,91.15,1.00,6.56,5.20,-0.95,1.00,7.51,-2.46,1.00,7.66,-1.29,1.00,7.85,-2.53,1.00,7.73
12,19,353,16.16,1.00,27.98,1.00,-9999.00,-9999.00,-9999.00,-9999.00,0.00,39.18,29.56,0.98,86.44,0.98,6.31,5.37,-0.22,0.98,6.53,-0.95,0.98,6.32,-1.12,1.00,7.42,-1.68,1.00,7.05
12,20,354,16.45,1.00,28.11,1.00,-9999.00,-9999.00,-9999.00,-9999.00,0.00,39.15,32.37,0.98,86.35,0.98,6.15,5.96,-0.53,0.98,6.68,-1.27,0.98,7.23,-1.39,1.00,7.54,-2.00,1.00,7.96
12,21,355,17.26,1.00,28.80,1.00,-9999.00,-9999.00,-9999.00,-9999.00,0.00,39.04,41.66,1.00,88.71,1.00,6.39,6.38,-0.76,1.00,7.15,-0.84,1.00,7.22,-2.18,1.00,8.57,-1.34,1.00,7.72
12,22,356,15.61,1.00,28.47,1.00,-9999.00,-9999.00,-9999.00,-9999.00,0.00,38.97,30.51,1.00,81.85,1.00,6.69,6.16,0.38,1.00,6.31,-0.29,1.00,6.45,0.30,1.00,6.39,-0.50,1.00,6.66
12,23,357,15.48,0.94,27.66,1.00,-9999.00,-9999.00,-9999.00,-9999.00,0.00,38.93,33.87,1.00,75.88,1.00,6.75,5.82,-1.13,1.00,7.88,-1.18,1.00,7.00,-1.13,1.00,7.88,-1.18,1.00,7.00
12,24,358,15.95,1.00,27.85,1.00,-9999.00,-9999.00,-9999.00,-9999.00,0.00,38.90,32.74,1.00,78.98,1.00,7.09,5.90,-0.75,1.00,7.84,-0.95,1.00,6.85,-1.37,1.00,8.46,-0.95,1.00,6.85
12,25,359,15.31,1.00,28.21,1.00,-9999.00,-9999.00,-9999.00,-9999.00,0.00,38.87,37.02,1.00,81.55,1.00,7.62,5.92,-0.90,1.00,8.52,-1.13,1.00,7.05,-1.18,1.00,8.81,-1.13,1.00,7.05
12,26,360,16.43,1.00,28.37,1.00,-9999.00,-9999.00,-9999.00,-9999.00,2.54,38.82,34.58,1.00,87.91,1.00,7.74,5.82,0.87,1.00,6.87,-0.56,1.00,6.38,-0.03,1.00,7.77,-0.65,1.00,6.47
12,27,361,12.62,1.00,27.00,1.00,-9999.00,-9999.00,-9999.00,-9999.00,0.00,38.85,17.59,1.00,65.41,1.00,7.01,5.17,-0.04,1.00,7.04,-1.94,1.00,7.11,0.14,1.00,6.86,-1.91,1.00,7.08
12,28,362,15.62,1.00,27.96,1.00,-9999.00,-9999.00,-9999.00,-9999.00,0.00,38.84,47.82,1.00,84.60,1.00,7.56,4.90,0.02,1.00,7.54,-0.93,1.00,5.83,-0.78,1.00,8.34,-1.02,1.00,5.92
12,29,363,15.54,1.00,28.60,1.00,-9999.00,-9999.00,-9999.00,-9999.00,0.00,38.81,38.23,1.00,73.24,1.00,7.78,4.89,0.22,1.00,7.55,-1.27,1.00,6.16,-1.87,1.00,9.64,-2.92,1.00,7.81
12,30,364,17.72,1.00,28.93,1.00,-9999.00,-9999.00,-9999.00,-9999.00,0.00,38.78,59.82,1.00,89.14,1.00,6.56,4.18,0.34,1.00,6.22,-0.59,1.00,4.77,-0.39,1.00,6.95,-1.09,1.00,5.27
12,31,365,18.42,0.92,29.34,0.98,-9999.00,-9999.00,-9999.00,-9999.00,0.00,38.75,67.09,0.98,85.26,0.98,5.19,4.21,-0.42,0.96,5.61,-1.30,0.96,5.51,-3.07,0.96,8.26,-3.29,0.96,7.50
